eBird English Name 2021,scientific_name,eBird Code,Order,Family,IUCN Category,WPA Schedule,CITES Appendix,CMS Appendix,SOIB Concern Status,SOIB Long Term Status,SOIB Current Status,SOIB Range Status,Breeding Activity Period,Non Breeding Activity Period,Diet Guild,India Endemic,Subcontinent Endemic,Himalayas Endemic,Endemic Region,Habitat Specialization,Migratory Status Within India,Essential,Discard,India Checklist Common Name,India Checklist Scientific Name
Fulvous Whistling-Duck,Dendrocygna bicolor,fuwduc,Anseriformes,"Anatidae (Ducks, Geese, and Waterfowl)",Least Concern,Schedule-I,,Appendix II,Low,Data Deficient,Uncertain,Moderate,24 hour,24 hour,Plant & Seed,No,No,No,None,Wetland,Resident,,,Fulvous Whistling Duck,Dendrocygna bicolor
Lesser Whistling-Duck,Dendrocygna javanica,lewduc1,Anseriformes,"Anatidae (Ducks, Geese, and Waterfowl)",Least Concern,Schedule-IV,,Appendix II,Low,Stable,Moderate Decline,Very Large,24 hour,24 hour,Plant & Seed,No,No,No,None,Wetland,Resident,,,Lesser Whistling Duck,Dendrocygna javanica
Bar-headed Goose,Anser indicus,bahgoo,Anseriformes,"Anatidae (Ducks, Geese, and Waterfowl)",Least Concern,Schedule-IV,,Appendix II,Low,Uncertain,Uncertain,Large,24 hour,24 hour,Plant & Seed,No,No,No,None,Wetland,Winter Migrant & Localized Summer Migrant,1,,Bar-headed Goose,Anser indicus
Graylag Goose,Anser anser,gragoo,Anseriformes,"Anatidae (Ducks, Geese, and Waterfowl)",Least Concern,Schedule-IV,,Appendix II,Low,Uncertain,Uncertain,Moderate,24 hour,24 hour,Plant & Seed,No,No,No,None,Wetland,Winter Migrant,,,Greylag Goose,Anser anser
Greater White-fronted Goose,Anser albifrons,gwfgoo,Anseriformes,"Anatidae (Ducks, Geese, and Waterfowl)",Least Concern,Schedule-IV,,Appendix II,NA,NA,NA,NA,24 hour,24 hour,Plant & Seed,No,No,No,None,Wetland,Winter Migrant,,1,Greater White-fronted Goose,Anser albifrons
Lesser White-fronted Goose,Anser erythropus,lwfgoo,Anseriformes,"Anatidae (Ducks, Geese, and Waterfowl)",Vulnerable,Schedule-IV,,Appendix I,NA,NA,NA,NA,Diurnal,Diurnal,Plant & Seed,No,No,No,None,Wetland,Winter Migrant,,1,Lesser White-fronted Goose,Anser erythropus
Taiga Bean-Goose,Anser fabalis,taibeg1,Anseriformes,"Anatidae (Ducks, Geese, and Waterfowl)",Least Concern,Schedule-IV,,Appendix II,NA,NA,NA,NA,24 hour,24 hour,Plant & Seed,No,No,No,None,Wetland,Winter Migrant,,1,Bean Goose,Anser fabalis
Tundra Bean-Goose,Anser serrirostris,tunbeg1,Anseriformes,"Anatidae (Ducks, Geese, and Waterfowl)",Least Concern,Schedule-IV,,Appendix II,NA,NA,NA,NA,24 hour,24 hour,Plant & Seed,No,No,No,None,Wetland,Winter Migrant,,1,Bean Goose,Anser fabalis
Red-breasted Goose,Branta ruficollis,rebgoo1,Anseriformes,"Anatidae (Ducks, Geese, and Waterfowl)",Vulnerable,Schedule-IV,Appendix II,Appendix I,NA,NA,NA,NA,No information,No information,Plant & Seed,No,No,No,None,Wetland,Winter Migrant,,1,Red-breasted Goose,Branta ruficollis
Mute Swan,Cygnus olor,mutswa,Anseriformes,"Anatidae (Ducks, Geese, and Waterfowl)",Least Concern,Schedule-IV,,Appendix II,NA,NA,NA,NA,24 hour,24 hour,Plant & Seed,No,No,No,None,Wetland,Winter Migrant,,1,Mute Swan,Cygnus olor
Tundra Swan,Cygnus columbianus,tunswa,Anseriformes,"Anatidae (Ducks, Geese, and Waterfowl)",Least Concern,Schedule-IV,,Appendix II,NA,NA,NA,NA,No information,No information,Plant & Seed,No,No,No,None,Wetland,Winter Migrant,,1,Tundra Swan,Cygnus columbianus
Whooper Swan,Cygnus cygnus,whoswa,Anseriformes,"Anatidae (Ducks, Geese, and Waterfowl)",Least Concern,Schedule-IV,,Appendix II,NA,NA,NA,NA,No information,No information,Plant & Seed,No,No,No,None,Wetland,Winter Migrant,,1,Whooper Swan,Cygnus cygnus
Knob-billed Duck,Sarkidiornis melanotos,comduc2,Anseriformes,"Anatidae (Ducks, Geese, and Waterfowl)",Least Concern,Schedule-IV,Appendix II,Appendix II,Moderate,Uncertain,Moderate Decline,Large,Diurnal,Diurnal,Plant & Seed,No,No,No,None,Wetland,Resident,,,Knob-billed Duck,Sarkidiornis melanotos
Ruddy Shelduck,Tadorna ferruginea,rudshe,Anseriformes,"Anatidae (Ducks, Geese, and Waterfowl)",Least Concern,Schedule-IV,,Appendix II,Low,Uncertain,Uncertain,Large,24 hour,24 hour,Plant & Seed,No,No,No,None,Wetland,Winter Migrant & Localized Summer Migrant,,,Ruddy Shelduck,Tadorna ferruginea
Common Shelduck,Tadorna tadorna,comshe,Anseriformes,"Anatidae (Ducks, Geese, and Waterfowl)",Least Concern,Schedule-IV,,Appendix II,NA,NA,NA,NA,24 hour,24 hour,Invertebrate,No,No,No,None,Wetland,Winter Migrant,,,Common Shelduck,Tadorna tadorna
Cotton Pygmy-Goose,Nettapus coromandelianus,copgoo1,Anseriformes,"Anatidae (Ducks, Geese, and Waterfowl)",Least Concern,Schedule-IV,,Appendix II,High,Strong Decline,Strong Decline,Very Large,Diurnal,Diurnal,Plant & Seed,No,No,No,None,Wetland,Resident,1,,Cotton Pygmy Goose,Nettapus coromandelianus
Mandarin Duck,Aix galericulata,manduc,Anseriformes,"Anatidae (Ducks, Geese, and Waterfowl)",Least Concern,Schedule-IV,,Appendix II,NA,NA,NA,NA,24 hour,24 hour,Plant & Seed,No,No,No,None,Wetland,Winter Migrant,,1,Mandarin Duck,Aix galericulata
Baikal Teal,Sibirionetta formosa,baitea,Anseriformes,"Anatidae (Ducks, Geese, and Waterfowl)",Least Concern,Schedule-IV,Appendix II,Appendix I,NA,NA,NA,NA,24 hour,24 hour,Plant & Seed,No,No,No,None,Wetland,Winter Migrant,,1,Baikal Teal,Sibirionetta formosa
Garganey,Spatula querquedula,gargan,Anseriformes,"Anatidae (Ducks, Geese, and Waterfowl)",Least Concern,Schedule-IV,,Appendix II,Low,Stable,Uncertain,Large,24 hour,24 hour,Plant & Seed,No,No,No,None,Wetland,Winter Migrant,,,Garganey,Spatula querquedula
Northern Shoveler,Spatula clypeata,norsho,Anseriformes,"Anatidae (Ducks, Geese, and Waterfowl)",Least Concern,Schedule-IV,,Appendix II,Low,Stable,Uncertain,Large,24 hour,24 hour,Plant & Seed,No,No,No,None,Wetland,Winter Migrant,,,Northern Shoveler,Spatula clypeata
Gadwall,Mareca strepera,gadwal,Anseriformes,"Anatidae (Ducks, Geese, and Waterfowl)",Least Concern,Schedule-IV,,Appendix II,Low,Uncertain,Uncertain,Large,24 hour,24 hour,Plant & Seed,No,No,No,None,Wetland,Winter Migrant,,,Gadwall,Mareca strepera
Falcated Duck,Mareca falcata,falduc,Anseriformes,"Anatidae (Ducks, Geese, and Waterfowl)",Near Threatened,Schedule-IV,,Appendix II,NA,NA,NA,NA,24 hour,24 hour,Plant & Seed,No,No,No,None,Wetland,Winter Migrant,,,Falcated Duck,Mareca falcata
Eurasian Wigeon,Mareca penelope,eurwig,Anseriformes,"Anatidae (Ducks, Geese, and Waterfowl)",Least Concern,Schedule-IV,,Appendix II,Low,Uncertain,Uncertain,Large,24 hour,24 hour,Plant & Seed,No,No,No,None,Wetland,Winter Migrant,,,Eurasian Wigeon,Mareca penelope
Indian Spot-billed Duck,Anas poecilorhyncha,isbduc1,Anseriformes,"Anatidae (Ducks, Geese, and Waterfowl)",Least Concern,Schedule-IV,,Appendix II,Low,Stable,Moderate Decline,Very Large,24 hour,24 hour,Plant & Seed,No,No,No,None,Wetland,Resident,,,Indian Spot-billed Duck,Anas poecilorhyncha
Eastern Spot-billed Duck,Anas zonorhyncha,spbduc,Anseriformes,"Anatidae (Ducks, Geese, and Waterfowl)",Least Concern,Schedule-IV,,Appendix II,NA,NA,NA,NA,24 hour,24 hour,Plant & Seed,No,No,No,None,Wetland,Uncertain,,1,Eastern Spot-billed Duck,Anas zonorhyncha
Mallard,Anas platyrhynchos,mallar3,Anseriformes,"Anatidae (Ducks, Geese, and Waterfowl)",Least Concern,Schedule-IV,,Appendix II,Low,Uncertain,Uncertain,Moderate,24 hour,24 hour,Plant & Seed,No,No,No,None,Wetland,Winter Migrant,,,Mallard,Anas platyrhynchos
Northern Pintail,Anas acuta,norpin,Anseriformes,"Anatidae (Ducks, Geese, and Waterfowl)",Least Concern,Schedule-IV,,Appendix II,Low,Uncertain,Uncertain,Large,24 hour,24 hour,Plant & Seed,No,No,No,None,Wetland,Winter Migrant,,,Northern Pintail,Anas acuta
Green-winged Teal,Anas crecca,gnwtea,Anseriformes,"Anatidae (Ducks, Geese, and Waterfowl)",Least Concern,Schedule-IV,,Appendix II,Low,Uncertain,Uncertain,Large,24 hour,24 hour,Plant & Seed,No,No,No,None,Wetland,Winter Migrant,,,Common Teal,Anas crecca
Andaman Teal,Anas albogularis,andtea1,Anseriformes,"Anatidae (Ducks, Geese, and Waterfowl)",Vulnerable,Schedule-I,,Appendix II,High,Data Deficient,Data Deficient,Restricted,24 hour,24 hour,Plant & Seed,Yes,Yes,No,Andaman Islands,Wetland,Resident,,,Andaman Teal,Anas albogularis
Marbled Teal,Marmaronetta angustirostris,martea1,Anseriformes,"Anatidae (Ducks, Geese, and Waterfowl)",Vulnerable,Schedule-IV,,Appendix I,NA,NA,NA,NA,Diurnal,Diurnal,Plant & Seed,No,No,No,None,Wetland,Winter Migrant,1,,Marbled Teal,Marmaronetta angustirostris
Pink-headed Duck,Rhodonessa caryophyllacea,pihduc1,Anseriformes,"Anatidae (Ducks, Geese, and Waterfowl)",Critically Endangered,Schedule-I,Appendix I,Appendix II,NA,NA,NA,NA,No information,No information,Plant & Seed,No,No,No,None,Wetland,Uncertain,,,Pink-headed Duck,Rhodonessa caryophyllacea
White-winged Duck,Asarcornis scutulata,whwduc1,Anseriformes,"Anatidae (Ducks, Geese, and Waterfowl)",Endangered,Schedule-I,Appendix I,Appendix II,High,Data Deficient,Data Deficient,Restricted,24 hour,24 hour,Plant & Seed,No,No,No,None,Wetland,Resident,1,,White-winged Wood Duck,Asarcornis scutulata
Red-crested Pochard,Netta rufina,recpoc,Anseriformes,"Anatidae (Ducks, Geese, and Waterfowl)",Least Concern,Schedule-IV,,Appendix II,Low,Uncertain,Uncertain,Large,Diurnal,Diurnal,Plant & Seed,No,No,No,None,Wetland,Winter Migrant,,,Red-crested Pochard,Netta rufina
Common Pochard,Aythya ferina,compoc,Anseriformes,"Anatidae (Ducks, Geese, and Waterfowl)",Vulnerable,Schedule-IV,,Appendix II,Moderate,Moderate Decline,Uncertain,Large,24 hour,24 hour,Plant & Seed,No,No,No,None,Wetland,Winter Migrant,,,Common Pochard,Aythya ferina
Ferruginous Duck,Aythya nyroca,ferduc,Anseriformes,"Anatidae (Ducks, Geese, and Waterfowl)",Near Threatened,Schedule-IV,,Appendix I,Low,Uncertain,Strong Increase,Large,24 hour,24 hour,Plant & Seed,No,No,No,None,Wetland,Winter Migrant,,,Ferruginous Duck,Aythya nyroca
Baer's Pochard,Aythya baeri,baepoc1,Anseriformes,"Anatidae (Ducks, Geese, and Waterfowl)",Critically Endangered,Schedule-IV,,Appendix I,NA,NA,NA,NA,Diurnal,Diurnal,Plant & Seed,No,No,No,None,Wetland,Winter Migrant,1,,Baer's Pochard,Aythya baeri
Tufted Duck,Aythya fuligula,tufduc,Anseriformes,"Anatidae (Ducks, Geese, and Waterfowl)",Least Concern,Schedule-IV,,Appendix II,Low,Uncertain,Uncertain,Large,24 hour,24 hour,Omnivore,No,No,No,None,Wetland,Winter Migrant,,,Tufted Duck,Aythya fuligula
Greater Scaup,Aythya marila,gresca,Anseriformes,"Anatidae (Ducks, Geese, and Waterfowl)",Least Concern,Schedule-IV,,Appendix II,NA,NA,NA,NA,24 hour,24 hour,Invertebrate,No,No,No,None,Wetland,Winter Migrant,,1,Greater Scaup,Aythya marila
Long-tailed Duck,Clangula hyemalis,lotduc,Anseriformes,"Anatidae (Ducks, Geese, and Waterfowl)",Vulnerable,Schedule-IV,,Appendix II,NA,NA,NA,NA,No information,No information,Invertebrate,No,No,No,None,Wetland,Winter Migrant,,1,Long-tailed Duck,Clangula hyemalis
Common Goldeneye,Bucephala clangula,comgol,Anseriformes,"Anatidae (Ducks, Geese, and Waterfowl)",Least Concern,Schedule-IV,,Appendix II,NA,NA,NA,NA,Diurnal,Diurnal,Invertebrate,No,No,No,None,Wetland,Winter Migrant,,1,Common Goldeneye,Bucephala clangula
Smew,Mergellus albellus,smew,Anseriformes,"Anatidae (Ducks, Geese, and Waterfowl)",Least Concern,Schedule-IV,,Appendix II,NA,NA,NA,NA,Diurnal,Diurnal,Invertebrate,No,No,No,None,Wetland,Winter Migrant,,1,Smew,Mergellus albellus
Common Merganser,Mergus merganser,commer,Anseriformes,"Anatidae (Ducks, Geese, and Waterfowl)",Least Concern,Schedule-IV,,Appendix II,Low,Data Deficient,Uncertain,Moderate,24 hour,24 hour,Vertebrate & Carrion,No,No,No,None,Wetland,Winter Migrant & Localized Summer Migrant,,,Common Merganser,Mergus merganser
Red-breasted Merganser,Mergus serrator,rebmer,Anseriformes,"Anatidae (Ducks, Geese, and Waterfowl)",Least Concern,Schedule-IV,,Appendix II,NA,NA,NA,NA,24 hour,24 hour,Vertebrate & Carrion,No,No,No,None,Wetland,Winter Migrant,,1,Red-breasted Merganser,Mergus serrator
White-headed Duck,Oxyura leucocephala,whhduc1,Anseriformes,"Anatidae (Ducks, Geese, and Waterfowl)",Endangered,Schedule-IV,Appendix II,Appendix I,NA,NA,NA,NA,No information,No information,Plant & Seed,No,No,No,None,Wetland,Winter Migrant,,1,White-headed Duck,Oxyura leucocephala
Nicobar Scrubfowl,Megapodius nicobariensis,nicscr1,Galliformes,Megapodiidae (Megapodes),Vulnerable,Schedule-I,,,High,Data Deficient,Data Deficient,Restricted,24 hour,24 hour,Invertebrate,Yes,Yes,No,Nicobar Islands,Tropical Forest,Resident,,,Nicobar Megapode,Megapodius nicobariensis
Hill Partridge,Arborophila torqueola,hilpar1,Galliformes,"Phasianidae (Pheasants, Grouse, and Allies)",Least Concern,Schedule-IV,,,Low,Data Deficient,Uncertain,Moderate,Diurnal,Diurnal,Plant & Seed,No,No,Yes,Himalayas,Temperate Forest,Resident,,,Hill Partridge,Arborophila torqueola
Chestnut-breasted Partridge,Arborophila mandellii,chbpar2,Galliformes,"Phasianidae (Pheasants, Grouse, and Allies)",Vulnerable,Schedule-IV,,,High,Data Deficient,Data Deficient,Restricted,Diurnal,Diurnal,Omnivore,No,Yes,Yes,Eastern Himalayas,Forest,Resident,1,,Chestnut-breasted Partridge,Arborophila mandellii
Rufous-throated Partridge,Arborophila rufogularis,rutpar1,Galliformes,"Phasianidae (Pheasants, Grouse, and Allies)",Least Concern,Schedule-IV,,,Moderate,Data Deficient,Data Deficient,Moderate,Diurnal,Diurnal,Omnivore,No,No,No,None,Temperate Forest,Resident,,,Rufous-throated Partridge,Arborophila rufogularis
White-cheeked Partridge,Arborophila atrogularis,whcpar1,Galliformes,"Phasianidae (Pheasants, Grouse, and Allies)",Near Threatened,Schedule-IV,,,Moderate,Data Deficient,Data Deficient,Restricted,Diurnal,Diurnal,Omnivore,No,No,Yes,Eastern Himalayas,Forest,Resident,,,White-cheeked Partridge,Arborophila atrogularis
Snow Partridge,Lerwa lerwa,snopar1,Galliformes,"Phasianidae (Pheasants, Grouse, and Allies)",Least Concern,Schedule-IV,,,Moderate,Data Deficient,Data Deficient,Restricted,Diurnal,Diurnal,Plant & Seed,No,No,No,None,Grassland,Resident & Altitudinal Migrant,,,Snow Partridge,Lerwa lerwa
Blood Pheasant,Ithaginis cruentus,blophe1,Galliformes,"Phasianidae (Pheasants, Grouse, and Allies)",Least Concern,Schedule-I,Appendix II,,Moderate,Data Deficient,Data Deficient,Restricted,Diurnal,Diurnal,Plant & Seed,No,No,No,None,Temperate Forest,Resident & Altitudinal Migrant,1,,Blood Pheasant,Ithaginis cruentus
Western Tragopan,Tragopan melanocephalus,westra1,Galliformes,"Phasianidae (Pheasants, Grouse, and Allies)",Vulnerable,Schedule-I,Appendix I,,High,Data Deficient,Data Deficient,Very Restricted,Diurnal,Diurnal,Plant & Seed,No,Yes,Yes,Western Himalayas,Temperate Forest,Resident & Altitudinal Migrant,1,,Western Tragopan,Tragopan melanocephalus
Satyr Tragopan,Tragopan satyra,sattra1,Galliformes,"Phasianidae (Pheasants, Grouse, and Allies)",Near Threatened,Schedule-I,,,Moderate,Data Deficient,Data Deficient,Restricted,Diurnal,Diurnal,Plant & Seed,No,Yes,Yes,Indian Subcontinent,Temperate Forest,Resident & Altitudinal Migrant,,,Satyr Tragopan,Tragopan satyra
Blyth's Tragopan,Tragopan blythii,blytra1,Galliformes,"Phasianidae (Pheasants, Grouse, and Allies)",Vulnerable,Schedule-I,Appendix I,,High,Data Deficient,Data Deficient,Restricted,Diurnal,Diurnal,Omnivore,No,No,Yes,Eastern Himalayas,Temperate Forest,Resident & Altitudinal Migrant,1,,Blyth's Tragopan,Tragopan blythii
Temminck's Tragopan,Tragopan temminckii,temtra1,Galliformes,"Phasianidae (Pheasants, Grouse, and Allies)",Least Concern,Schedule-I,,,NA,NA,NA,NA,Diurnal,Diurnal,Plant & Seed,No,No,No,None,Temperate Forest,Resident & Altitudinal Migrant,,,Temminck's Tragopan,Tragopan temminckii
Himalayan Monal,Lophophorus impejanus,himmon1,Galliformes,"Phasianidae (Pheasants, Grouse, and Allies)",Least Concern,Schedule-I,Appendix I,,Low,Data Deficient,Uncertain,Moderate,Diurnal,Diurnal,Plant & Seed,No,No,Yes,Himalayas,Temperate Forest,Resident & Altitudinal Migrant,1,,Himalayan Monal,Lophophorus impejanus
Sclater's Monal,Lophophorus sclateri,sclmon1,Galliformes,"Phasianidae (Pheasants, Grouse, and Allies)",Vulnerable,Schedule-I,Appendix I,,High,Data Deficient,Data Deficient,Very Restricted,Diurnal,Diurnal,Plant & Seed,No,No,Yes,Eastern Himalayas,Grassland,Resident & Altitudinal Migrant,1,,Sclater's Monal,Lophophorus sclateri
Koklass Pheasant,Pucrasia macrolopha,kokphe1,Galliformes,"Phasianidae (Pheasants, Grouse, and Allies)",Least Concern,Schedule-IV,,,Moderate,Data Deficient,Data Deficient,Moderate,Diurnal,Diurnal,Omnivore,No,No,No,None,Temperate Forest,Resident & Altitudinal Migrant,,,Koklass Pheasant,Pucrasia macrolopha
Tibetan Partridge,Perdix hodgsoniae,tibpar1,Galliformes,"Phasianidae (Pheasants, Grouse, and Allies)",Least Concern,Schedule-IV,,,NA,NA,NA,NA,Diurnal,Diurnal,Omnivore,No,No,No,None,None,Resident & Altitudinal Migrant,,,Tibetan Partridge,Perdix hodgsoniae
Hume's Pheasant,Syrmaticus humiae,humphe1,Galliformes,"Phasianidae (Pheasants, Grouse, and Allies)",Near Threatened,Schedule-I,Appendix I,,NA,NA,NA,NA,Diurnal,Diurnal,Plant & Seed,No,No,No,None,None,Resident,,1,Mrs Hume's Pheasant,Syrmaticus humiae
Cheer Pheasant,Catreus wallichii,chephe1,Galliformes,"Phasianidae (Pheasants, Grouse, and Allies)",Vulnerable,Schedule-I,Appendix I,,High,Data Deficient,Data Deficient,Restricted,Diurnal,Diurnal,Plant & Seed,No,Yes,Yes,Western Himalayas,Grassland and Scrub,Resident,1,,Cheer Pheasant,Catreus wallichii
Kalij Pheasant,Lophura leucomelanos,kalphe,Galliformes,"Phasianidae (Pheasants, Grouse, and Allies)",Least Concern,Schedule-I,,,Low,Uncertain,Uncertain,Moderate,Diurnal,Diurnal,Omnivore,No,No,No,None,Forest,Resident,,,Kalij Pheasant,Lophura leucomelanos
Indian Peafowl,Pavo cristatus,compea,Galliformes,"Phasianidae (Pheasants, Grouse, and Allies)",Least Concern,Schedule-I,,,Low,Strong Increase,Moderate Increase,Very Large,Diurnal,Diurnal,Plant & Seed,No,Yes,No,Indian Subcontinent,None,Resident,,,Indian Peafowl,Pavo cristatus
Green Peafowl,Pavo muticus,grepea1,Galliformes,"Phasianidae (Pheasants, Grouse, and Allies)",Endangered,Schedule-IV,Appendix II,,NA,NA,NA,NA,Diurnal,Diurnal,Invertebrate,No,No,No,None,Tropical Forest,Uncertain,,1,Green Peafowl,Pavo muticus
Red Spurfowl,Galloperdix spadicea,redspu1,Galliformes,"Phasianidae (Pheasants, Grouse, and Allies)",Least Concern,Schedule-IV,,,Low,Stable,Uncertain,Large,Diurnal,Diurnal,Omnivore,Yes,Yes,No,Mainland India,Forest,Resident,,,Red Spurfowl,Galloperdix spadicea
Painted Spurfowl,Galloperdix lunulata,paispu1,Galliformes,"Phasianidae (Pheasants, Grouse, and Allies)",Least Concern,Schedule-IV,,,Moderate,Uncertain,Moderate Decline,Moderate,Diurnal,Diurnal,Omnivore,Yes,Yes,No,Mainland India,Wooded Habitat,Resident,,,Painted Spurfowl,Galloperdix lunulata
Gray Peacock-Pheasant,Polyplectron bicalcaratum,grypep2,Galliformes,"Phasianidae (Pheasants, Grouse, and Allies)",Least Concern,Schedule-I,Appendix II,,NA,NA,NA,NA,Diurnal,Diurnal,Omnivore,No,No,No,None,Forest,Resident,,,Grey Peacock Pheasant,Polyplectron bicalcaratum
Mountain Bamboo-Partridge,Bambusicola fytchii,mobpar1,Galliformes,"Phasianidae (Pheasants, Grouse, and Allies)",Least Concern,Schedule-I,,,Moderate,Data Deficient,Data Deficient,Restricted,Diurnal,Diurnal,Omnivore,No,No,No,None,None,Resident,,,Mountain Bamboo Partridge,Bambusicola fytchii
Red Junglefowl,Gallus gallus,redjun,Galliformes,"Phasianidae (Pheasants, Grouse, and Allies)",Least Concern,Schedule-IV,,,Low,Uncertain,Uncertain,Large,Diurnal,Diurnal,Omnivore,No,No,No,None,Forest,Resident,,,Red Junglefowl,Gallus gallus
Gray Junglefowl,Gallus sonneratii,grejun2,Galliformes,"Phasianidae (Pheasants, Grouse, and Allies)",Least Concern,Schedule-IV,Appendix II,,Low,Uncertain,Uncertain,Large,Diurnal,Diurnal,Omnivore,Yes,Yes,No,Mainland India,Forest,Resident,,,Grey Junglefowl,Gallus sonneratii
Gray Francolin,Ortygornis pondicerianus,gryfra,Galliformes,"Phasianidae (Pheasants, Grouse, and Allies)",Least Concern,Schedule-IV,,,Low,Stable,Uncertain,Very Large,Diurnal,Diurnal,Plant & Seed,No,No,No,None,Grassland,Resident,,,Grey Francolin,Francolinus pondicerianus
Swamp Francolin,Ortygornis gularis,swafra1,Galliformes,"Phasianidae (Pheasants, Grouse, and Allies)",Vulnerable,Schedule-IV,,,High,Data Deficient,Data Deficient,Restricted,Diurnal,Diurnal,Plant & Seed,No,Yes,No,Indian Subcontinent,Wetland,Resident,1,,Swamp Francolin,Francolinus gularis
Chinese Francolin,Francolinus pintadeanus,chifra1,Galliformes,"Phasianidae (Pheasants, Grouse, and Allies)",Least Concern,Schedule-IV,,,NA,NA,NA,NA,Diurnal,Diurnal,Plant & Seed,No,No,No,None,Temperate Forest,Resident,,,Chinese Francolin,Francolinus pintadeanus
Black Francolin,Francolinus francolinus,blkfra,Galliformes,"Phasianidae (Pheasants, Grouse, and Allies)",Least Concern,Schedule-IV,,,Low,Uncertain,Uncertain,Large,Diurnal,Diurnal,Plant & Seed,No,No,No,None,Grassland and Scrub,Resident,,,Black Francolin,Francolinus francolinus
Painted Francolin,Francolinus pictus,paifra1,Galliformes,"Phasianidae (Pheasants, Grouse, and Allies)",Least Concern,Schedule-IV,,,Low,Data Deficient,Uncertain,Large,Diurnal,Diurnal,Omnivore,No,Yes,No,Indian Subcontinent,Grassland,Resident,,,Painted Francolin,Francolinus pictus
Tibetan Snowcock,Tetraogallus tibetanus,tibsno1,Galliformes,"Phasianidae (Pheasants, Grouse, and Allies)",Least Concern,Schedule-I,Appendix I,,NA,NA,NA,NA,Diurnal,Diurnal,Plant & Seed,No,No,No,None,Grassland,Resident & Altitudinal Migrant,,,Tibetan Snowcock,Tetraogallus tibetanus
Himalayan Snowcock,Tetraogallus himalayensis,himsno,Galliformes,"Phasianidae (Pheasants, Grouse, and Allies)",Least Concern,Schedule-IV,,,Moderate,Data Deficient,Data Deficient,Moderate,Diurnal,Diurnal,Plant & Seed,No,No,Yes,Himalayas,Grassland,Resident & Altitudinal Migrant,,,Himalayan Snowcock,Tetraogallus himalayensis
Blue-breasted Quail,Synoicus chinensis,blbqua1,Galliformes,"Phasianidae (Pheasants, Grouse, and Allies)",Least Concern,Schedule-IV,,,NA,NA,NA,NA,24 hour,24 hour,Plant & Seed,No,No,No,None,Wetland,Resident,,,Blue-breasted Quail,Synoicus chinensis
Common Quail,Coturnix coturnix,comqua1,Galliformes,"Phasianidae (Pheasants, Grouse, and Allies)",Least Concern,Schedule-IV,,Appendix II,NA,NA,NA,NA,24 hour,Diurnal,Plant & Seed,No,No,No,None,Grassland,Winter Migrant,,,Common Quail,Coturnix coturnix
Japanese Quail,Coturnix japonica,japqua,Galliformes,"Phasianidae (Pheasants, Grouse, and Allies)",Near Threatened,Schedule-IV,,,NA,NA,NA,NA,No information,No information,Plant & Seed,No,No,No,None,Grassland,Winter Migrant,,1,Japanese Quail,Coturnix japonica
Rain Quail,Coturnix coromandelica,raiqua1,Galliformes,"Phasianidae (Pheasants, Grouse, and Allies)",Least Concern,Schedule-IV,,,Moderate,Strong Decline,Strong Increase,Large,24 hour,Diurnal,Plant & Seed,No,No,No,None,Grassland,Resident,,,Rain Quail,Coturnix coromandelica
Chukar,Alectoris chukar,chukar,Galliformes,"Phasianidae (Pheasants, Grouse, and Allies)",Least Concern,Schedule-IV,,,Low,Data Deficient,Uncertain,Moderate,Diurnal,Diurnal,Plant & Seed,No,No,No,None,None,Resident & Altitudinal Migrant,,,Chukar Partridge,Alectoris chukar
Jungle Bush-Quail,Perdicula asiatica,jubqua1,Galliformes,"Phasianidae (Pheasants, Grouse, and Allies)",Least Concern,Schedule-IV,,,Moderate,Moderate Decline,Moderate Decline,Large,Diurnal,Diurnal,Plant & Seed,No,Yes,No,Indian Subcontinent,Grassland and Scrub,Resident,,,Jungle Bush Quail,Perdicula asiatica
Rock Bush-Quail,Perdicula argoondah,robqua1,Galliformes,"Phasianidae (Pheasants, Grouse, and Allies)",Least Concern,Schedule-IV,,,Low,Data Deficient,Uncertain,Large,Diurnal,Diurnal,Plant & Seed,Yes,Yes,No,Mainland India,Grassland,Resident,,,Rock Bush Quail,Perdicula argoondah
Painted Bush-Quail,Perdicula erythrorhyncha,pabqua1,Galliformes,"Phasianidae (Pheasants, Grouse, and Allies)",Least Concern,Schedule-IV,,,Moderate,Data Deficient,Data Deficient,Restricted,Diurnal,Diurnal,Plant & Seed,Yes,Yes,No,Mainland India,Grassland and Scrub,Resident,,,Painted Bush Quail,Perdicula erythrorhyncha
Manipur Bush-Quail,Perdicula manipurensis,mabqua1,Galliformes,"Phasianidae (Pheasants, Grouse, and Allies)",Endangered,Schedule-IV,,,High,Data Deficient,Data Deficient,Data Deficient,Diurnal,Diurnal,Plant & Seed,Yes,Yes,No,Assam Plains,Grassland,Uncertain,,,Manipur Bush Quail,Perdicula manipurensis
Himalayan Quail,Ophrysia superciliosa,himqua1,Galliformes,"Phasianidae (Pheasants, Grouse, and Allies)",Critically Endangered,Schedule-I,,,High,Data Deficient,Data Deficient,Data Deficient,Diurnal,Diurnal,Plant & Seed,Yes,Yes,Yes,Western Himalayas,Grassland,Uncertain,,,Himalayan Quail,Ophrysia superciliosa
Greater Flamingo,Phoenicopterus roseus,grefla3,Phoenicopteriformes,Phoenicopteridae (Flamingos),Least Concern,Schedule-IV,,Appendix II,Low,Uncertain,Uncertain,Moderate,24 hour,24 hour,Omnivore,No,No,No,None,Wetland,Resident & Local Migrant,,,Greater Flamingo,Phoenicopterus roseus
Lesser Flamingo,Phoeniconaias minor,lesfla1,Phoenicopteriformes,Phoenicopteridae (Flamingos),Near Threatened,Schedule-IV,,Appendix II,Moderate,Data Deficient,Uncertain,Restricted,24 hour,24 hour,Plant & Seed,No,No,No,None,Wetland,Resident & Local Migrant,,,Lesser Flamingo,Phoeniconaias minor
Little Grebe,Tachybaptus ruficollis,litgre1,Podicipediformes,Podicipedidae (Grebes),Least Concern,Schedule-IV,,,Low,Stable,Strong Decline,Very Large,24 hour,Diurnal,Invertebrate,No,No,No,None,Wetland,Resident,,,Little Grebe,Tachybaptus ruficollis
Horned Grebe,Podiceps auritus,horgre,Podicipediformes,Podicipedidae (Grebes),Vulnerable,Schedule-IV,,Appendix II,NA,NA,NA,NA,Diurnal,24 hour,Vertebrate & Carrion,No,No,No,None,Wetland,Uncertain,,1,Horned Grebe,Podiceps auritus
Red-necked Grebe,Podiceps grisegena,rengre,Podicipediformes,Podicipedidae (Grebes),Least Concern,Schedule-IV,,Appendix II,NA,NA,NA,NA,24 hour,24 hour,Omnivore,No,No,No,None,Wetland,Uncertain,,1,Red-necked Grebe,Podiceps grisegena
Great Crested Grebe,Podiceps cristatus,grcgre1,Podicipediformes,Podicipedidae (Grebes),Least Concern,Schedule-IV,,,Low,Uncertain,Uncertain,Moderate,Diurnal,24 hour,Vertebrate & Carrion,No,No,No,None,Wetland,Resident & Winter Migrant,,,Great Crested Grebe,Podiceps cristatus
Eared Grebe,Podiceps nigricollis,eargre,Podicipediformes,Podicipedidae (Grebes),Least Concern,Schedule-IV,,,NA,NA,NA,NA,24 hour,24 hour,Invertebrate,No,No,No,None,Wetland,Winter Migrant,,,Black-necked Grebe,Podiceps nigricollis
Rock Pigeon,Columba livia,rocpig,Columbiformes,Columbidae (Pigeons and Doves),Least Concern,Schedule-IV,,,Low,Strong Increase,Strong Increase,Very Large,Diurnal,Diurnal,Plant & Seed,No,No,No,None,None,Resident,,,Rock Pigeon,Columba livia
Hill Pigeon,Columba rupestris,hilpig1,Columbiformes,Columbidae (Pigeons and Doves),Least Concern,Schedule-IV,,,Low,Data Deficient,Uncertain,Moderate,Diurnal,Diurnal,Plant & Seed,No,No,No,None,None,Resident,,,Hill Pigeon,Columba rupestris
Snow Pigeon,Columba leuconota,snopig1,Columbiformes,Columbidae (Pigeons and Doves),Least Concern,Schedule-IV,,,Low,Data Deficient,Uncertain,Moderate,Diurnal,Diurnal,Plant & Seed,No,No,No,None,None,Resident,,,Snow Pigeon,Columba leuconota
Yellow-eyed Pigeon,Columba eversmanni,pabpig1,Columbiformes,Columbidae (Pigeons and Doves),Vulnerable,Schedule-IV,,,High,Data Deficient,Data Deficient,Restricted,Diurnal,Diurnal,Plant & Seed,No,No,No,None,Grassland,Winter Migrant,1,,Yellow-eyed Pigeon,Columba eversmanni
Common Wood-Pigeon,Columba palumbus,cowpig1,Columbiformes,Columbidae (Pigeons and Doves),Least Concern,Schedule-IV,,,NA,NA,NA,NA,Diurnal,Diurnal,Plant & Seed,No,No,No,None,None,Resident & Winter Migrant,,,Common Wood Pigeon,Columba palumbus
Speckled Wood-Pigeon,Columba hodgsonii,spwpig1,Columbiformes,Columbidae (Pigeons and Doves),Least Concern,Schedule-IV,,,Low,Data Deficient,Uncertain,Moderate,Diurnal,Diurnal,Fruit & Nect,No,No,No,None,Temperate Forest,Resident,,,Speckled Wood Pigeon,Columba hodgsonii
Ashy Wood-Pigeon,Columba pulchricollis,aswpig1,Columbiformes,Columbidae (Pigeons and Doves),Least Concern,Schedule-IV,,,Moderate,Data Deficient,Data Deficient,Restricted,Diurnal,Diurnal,Fruit & Nect,No,No,No,None,Temperate Forest,Resident,1,,Ashy Wood Pigeon,Columba pulchricollis
Nilgiri Wood-Pigeon,Columba elphinstonii,niwpig1,Columbiformes,Columbidae (Pigeons and Doves),Vulnerable,Schedule-IV,,,Moderate,Uncertain,Uncertain,Moderate,Diurnal,Diurnal,Fruit & Nect,Yes,Yes,No,Western Ghats,Tropical Forest,Resident,,,Nilgiri Wood Pigeon,Columba elphinstonii
Pale-capped Pigeon,Columba punicea,pacpig1,Columbiformes,Columbidae (Pigeons and Doves),Vulnerable,Schedule-IV,,,High,Data Deficient,Data Deficient,Restricted,Diurnal,Diurnal,Plant & Seed,No,No,No,None,Wooded Habitat,Resident,1,,Pale-capped Pigeon,Columba punicea
Andaman Wood-Pigeon,Columba palumboides,anwpig1,Columbiformes,Columbidae (Pigeons and Doves),Near Threatened,Schedule-IV,,,Moderate,Data Deficient,Data Deficient,Restricted,Diurnal,Diurnal,Fruit & Nect,Yes,Yes,No,Andaman and Nicobar Islands,Tropical Forest,Resident,,,Andaman Wood Pigeon,Columba palumboides
European Turtle-Dove,Streptopelia turtur,eutdov,Columbiformes,Columbidae (Pigeons and Doves),Vulnerable,Schedule-IV,,,NA,NA,NA,NA,Diurnal,Diurnal,Omnivore,No,No,No,None,None,Uncertain,,1,European Turtle Dove,Streptopelia turtur
Oriental Turtle-Dove,Streptopelia orientalis,ortdov,Columbiformes,Columbidae (Pigeons and Doves),Least Concern,Schedule-IV,,,Low,Stable,Uncertain,Moderate,Diurnal,Diurnal,Plant & Seed,No,No,No,None,None,Resident & Local Migrant,,,Oriental Turtle Dove,Streptopelia orientalis
Eurasian Collared-Dove,Streptopelia decaocto,eucdov,Columbiformes,Columbidae (Pigeons and Doves),Least Concern,Schedule-IV,,,Low,Stable,Uncertain,Very Large,Diurnal,Diurnal,Plant & Seed,No,No,No,None,None,Resident,,,Eurasian Collared Dove,Streptopelia decaocto
Red Collared-Dove,Streptopelia tranquebarica,recdov1,Columbiformes,Columbidae (Pigeons and Doves),Least Concern,Schedule-IV,,,Moderate,Moderate Decline,Uncertain,Very Large,Diurnal,Diurnal,Plant & Seed,No,No,No,None,None,Resident,,,Red Collared Dove,Streptopelia tranquebarica
Spotted Dove,Streptopelia chinensis,spodov,Columbiformes,Columbidae (Pigeons and Doves),Least Concern,Schedule-IV,,,Low,Stable,Stable,Very Large,Diurnal,Diurnal,Plant & Seed,No,No,No,None,None,Resident,,,Spotted Dove,Streptopelia chinensis
Laughing Dove,Streptopelia senegalensis,laudov1,Columbiformes,Columbidae (Pigeons and Doves),Least Concern,Schedule-IV,,,Low,Stable,Uncertain,Very Large,Diurnal,Diurnal,Plant & Seed,No,No,No,None,None,Resident,,,Laughing Dove,Streptopelia senegalensis
Barred Cuckoo-Dove,Macropygia unchall,bacdov1,Columbiformes,Columbidae (Pigeons and Doves),Least Concern,Schedule-IV,,,Low,Data Deficient,Uncertain,Moderate,Diurnal,Diurnal,Plant & Seed,No,No,No,None,Forest,Resident,,,Barred Cuckoo Dove,Macropygia unchall
Andaman Cuckoo-Dove,Macropygia rufipennis,ancdov1,Columbiformes,Columbidae (Pigeons and Doves),Least Concern,Schedule-IV,,,Moderate,Data Deficient,Data Deficient,Restricted,Diurnal,Diurnal,Fruit & Nect,Yes,Yes,No,Andaman and Nicobar Islands,Tropical Forest,Resident,,,Andaman Cuckoo Dove,Macropygia rufipennis
Namaqua Dove,Oena capensis,namdov1,Columbiformes,Columbidae (Pigeons and Doves),Least Concern,Schedule-IV,,,NA,NA,NA,NA,Diurnal,Diurnal,Plant & Seed,No,No,No,None,Grassland and Scrub,Uncertain,,,Namaqua Dove,Oena capensis
Asian Emerald Dove,Chalcophaps indica,emedov2,Columbiformes,Columbidae (Pigeons and Doves),Least Concern,Schedule-IV,,,Low,Stable,Uncertain,Large,Diurnal,Diurnal,Omnivore,No,No,No,None,Forest,Resident,,,Asian Emerald Dove,Chalcophaps indica
Nicobar Pigeon,Caloenas nicobarica,nicpig1,Columbiformes,Columbidae (Pigeons and Doves),Near Threatened,Schedule-I,Appendix I,,NA,NA,NA,NA,Diurnal,Diurnal,Omnivore,No,No,No,None,Tropical Forest,Resident,,,Nicobar Pigeon,Caloenas nicobarica
Orange-breasted Green-Pigeon,Treron bicinctus,orbpig1,Columbiformes,Columbidae (Pigeons and Doves),Least Concern,Schedule-IV,,,Low,Data Deficient,Uncertain,Moderate,Diurnal,Diurnal,Fruit & Nect,No,No,No,None,Wooded Habitat,Resident,,,Orange-breasted Green Pigeon,Treron bicinctus
Gray-fronted Green-Pigeon,Treron affinis,pomgrp2,Columbiformes,Columbidae (Pigeons and Doves),Least Concern,Schedule-IV,,,Low,Uncertain,Uncertain,Moderate,Diurnal,Diurnal,Fruit & Nect,Yes,Yes,No,Western Ghats,Tropical Forest,Resident,,,Grey-fronted Green Pigeon,Treron affinis
Andaman Green-Pigeon,Treron chloropterus,pomgrp4,Columbiformes,Columbidae (Pigeons and Doves),Near Threatened,Schedule-IV,,,High,Data Deficient,Strong Decline,Restricted,Diurnal,Diurnal,Fruit & Nect,Yes,Yes,No,Andaman and Nicobar Islands,Tropical Forest,Resident,,,Andaman Green Pigeon,Treron chloropterus
Ashy-headed Green-Pigeon,Treron phayrei,pomgrp5,Columbiformes,Columbidae (Pigeons and Doves),Near Threatened,Schedule-IV,,,NA,NA,NA,NA,Diurnal,Diurnal,Fruit & Nect,No,No,No,None,Tropical Forest,Resident,,,Ashy-headed Green Pigeon,Treron phayrei
Thick-billed Green-Pigeon,Treron curvirostra,thbpig1,Columbiformes,Columbidae (Pigeons and Doves),Least Concern,Schedule-IV,,,NA,NA,NA,NA,Diurnal,Diurnal,Fruit & Nect,No,No,No,None,Tropical Forest,Resident,,,Thick-billed Green Pigeon,Treron curvirostra
Yellow-footed Green-Pigeon,Treron phoenicopterus,yefpig1,Columbiformes,Columbidae (Pigeons and Doves),Least Concern,Schedule-IV,,,Low,Moderate Increase,Uncertain,Very Large,Diurnal,Diurnal,Fruit & Nect,No,No,No,None,None,Resident,,,Yellow-footed Green Pigeon,Treron phoenicopterus
Pin-tailed Green-Pigeon,Treron apicauda,pitpig1,Columbiformes,Columbidae (Pigeons and Doves),Least Concern,Schedule-IV,,,Low,Data Deficient,Uncertain,Moderate,Diurnal,Diurnal,Fruit & Nect,No,No,No,None,Forest,Resident,,,Pin-tailed Green Pigeon,Treron apicauda
Wedge-tailed Green-Pigeon,Treron sphenurus,wetpig1,Columbiformes,Columbidae (Pigeons and Doves),Least Concern,Schedule-IV,,,Low,Data Deficient,Uncertain,Moderate,Diurnal,Diurnal,Fruit & Nect,No,No,No,None,Temperate Forest,Resident,,,Wedge-tailed Green Pigeon,Treron sphenurus
Green Imperial-Pigeon,Ducula aenea,gripig1,Columbiformes,Columbidae (Pigeons and Doves),Least Concern,Schedule-IV,,,NA,NA,NA,NA,Diurnal,Diurnal,Fruit & Nect,No,No,No,None,Tropical Forest,Resident,,,Green Imperial Pigeon,Ducula aenea
Nicobar Imperial-Pigeon,Ducula nicobarica,grnimp2,Columbiformes,Columbidae (Pigeons and Doves),Not Evaluated,Schedule-IV,,,Moderate,Data Deficient,Data Deficient,Restricted,Diurnal,Diurnal,Fruit & Nect,Yes,Yes,No,Nicobar Islands,Tropical Forest,Resident,,,Nicobar Imperial Pigeon,Ducula nicobarica
Mountain Imperial-Pigeon,Ducula badia,moipig1,Columbiformes,Columbidae (Pigeons and Doves),Least Concern,Schedule-IV,,,Moderate,Strong Decline,Uncertain,Moderate,Diurnal,Diurnal,Fruit & Nect,No,No,No,None,Tropical Forest,Resident,,,Mountain Imperial Pigeon,Ducula badia
Pied Imperial-Pigeon,Ducula bicolor,piipig1,Columbiformes,Columbidae (Pigeons and Doves),Least Concern,Schedule-IV,,,NA,NA,NA,NA,Diurnal,Diurnal,Fruit & Nect,No,No,No,None,Tropical Forest,Resident,,,Pied Imperial Pigeon,Ducula bicolor
Tibetan Sandgrouse,Syrrhaptes tibetanus,tibsan1,Pterocliformes,Pteroclidae (Sandgrouse),Least Concern,Schedule-IV,,,Moderate,Data Deficient,Data Deficient,Restricted,Diurnal,Diurnal,Plant & Seed,No,No,No,None,None,Resident,,,Tibetan Sandgrouse,Syrrhaptes tibetanus
Pallas's Sandgrouse,Syrrhaptes paradoxus,palsan1,Pterocliformes,Pteroclidae (Sandgrouse),Least Concern,Schedule-IV,,,NA,NA,NA,NA,Diurnal,Diurnal,Plant & Seed,No,No,No,None,None,Uncertain,,1,Pallas's Sandgrouse,Syrrhaptes paradoxus
Pin-tailed Sandgrouse,Pterocles alchata,pitsan1,Pterocliformes,Pteroclidae (Sandgrouse),Least Concern,Schedule-IV,,,NA,NA,NA,NA,Diurnal,Diurnal,Plant & Seed,No,No,No,None,Grassland,Winter Migrant,,1,Pin-tailed Sandgrouse,Pterocles alchata
Chestnut-bellied Sandgrouse,Pterocles exustus,chbsan,Pterocliformes,Pteroclidae (Sandgrouse),Least Concern,Schedule-IV,,,Moderate,Moderate Decline,Uncertain,Large,Diurnal,Diurnal,Plant & Seed,No,No,No,None,Grassland,Resident,,,Chestnut-bellied Sandgrouse,Pterocles exustus
Spotted Sandgrouse,Pterocles senegallus,sposan1,Pterocliformes,Pteroclidae (Sandgrouse),Least Concern,Schedule-IV,,,NA,NA,NA,NA,Diurnal,Diurnal,Plant & Seed,No,No,No,None,Grassland,Winter Migrant,,,Spotted Sandgrouse,Pterocles senegallus
Black-bellied Sandgrouse,Pterocles orientalis,blbsan1,Pterocliformes,Pteroclidae (Sandgrouse),Least Concern,Schedule-IV,,,NA,NA,NA,NA,Diurnal,Diurnal,Plant & Seed,No,No,No,None,Grassland,Winter Migrant,,1,Black-bellied Sandgrouse,Pterocles orientalis
Painted Sandgrouse,Pterocles indicus,paisan1,Pterocliformes,Pteroclidae (Sandgrouse),Least Concern,Schedule-IV,,,Low,Data Deficient,Uncertain,Moderate,Diurnal,Diurnal,Plant & Seed,No,Yes,No,Indian Subcontinent,Scrub,Resident,,,Painted Sandgrouse,Pterocles indicus
Great Indian Bustard,Ardeotis nigriceps,indbus1,Otidiformes,Otididae (Bustards),Critically Endangered,Schedule-I,Appendix I,,High,Data Deficient,Data Deficient,Restricted,Diurnal,Diurnal,Omnivore,No,Yes,No,Indian Subcontinent,Grassland,Resident,,,Great Indian Bustard,Ardeotis nigriceps
Macqueen's Bustard,Chlamydotis macqueenii,macbus1,Otidiformes,Otididae (Bustards),Vulnerable,Schedule-I,Appendix I,Appendix II,NA,NA,NA,NA,Diurnal,Diurnal,Plant & Seed,No,No,No,None,Grassland,Winter Migrant,1,,Macqueen's Bustard,Chlamydotis macqueenii
Bengal Florican,Houbaropsis bengalensis,benflo2,Otidiformes,Otididae (Bustards),Critically Endangered,Schedule-I,Appendix I,,High,Data Deficient,Data Deficient,Restricted,Diurnal,Diurnal,Omnivore,No,No,No,None,Wetland,Resident,1,,Bengal Florican,Houbaropsis bengalensis
Lesser Florican,Sypheotides indicus,lesflo2,Otidiformes,Otididae (Bustards),Endangered,Schedule-I,Appendix II,,High,Data Deficient,Data Deficient,Restricted,Diurnal,Diurnal,Omnivore,No,Yes,No,Indian Subcontinent,Grassland,Resident,,,Lesser Florican,Sypheotides indicus
Little Bustard,Tetrax tetrax,litbus1,Otidiformes,Otididae (Bustards),Near Threatened,Schedule-IV,Appendix II,,NA,NA,NA,NA,24 hour,Diurnal,Plant & Seed,No,No,No,None,Grassland,Uncertain,,1,Little Bustard,Tetrax tetrax
Andaman Coucal,Centropus andamanensis,andcou1,Cuculiformes,Cuculidae (Cuckoos),Least Concern,Schedule-IV,,,Moderate,Data Deficient,Uncertain,Restricted,Diurnal,Diurnal,Invertebrate,Yes,Yes,No,Andaman Islands,None,Resident,,,Andaman Coucal,Centropus andamanensis
Greater Coucal,Centropus sinensis,grecou1,Cuculiformes,Cuculidae (Cuckoos),Least Concern,Schedule-IV,,,Low,Stable,Strong Increase,Very Large,Diurnal,Diurnal,Omnivore,No,No,No,None,None,Resident,,,Greater Coucal,Centropus sinensis
Lesser Coucal,Centropus bengalensis,lescou1,Cuculiformes,Cuculidae (Cuckoos),Least Concern,Schedule-IV,,,Low,Data Deficient,Uncertain,Moderate,Diurnal,Diurnal,Invertebrate,No,No,No,None,Wetland,Resident,,,Lesser Coucal,Centropus bengalensis
Sirkeer Malkoha,Taccocua leschenaultii,sirmal1,Cuculiformes,Cuculidae (Cuckoos),Least Concern,Schedule-IV,,,Moderate,Strong Decline,Uncertain,Large,Diurnal,Diurnal,Invertebrate,No,Yes,No,Indian Subcontinent,Scrub,Resident,,,Sirkeer Malkoha,Taccocua leschenaultii
Blue-faced Malkoha,Phaenicophaeus viridirostris,blfmal1,Cuculiformes,Cuculidae (Cuckoos),Least Concern,Schedule-IV,,,Low,Uncertain,Uncertain,Large,Diurnal,Diurnal,Invertebrate,No,Yes,No,Indian Subcontinent,None,Resident,,,Blue-faced Malkoha,Phaenicophaeus viridirostris
Green-billed Malkoha,Phaenicophaeus tristis,grbmal1,Cuculiformes,Cuculidae (Cuckoos),Least Concern,Schedule-IV,,,Low,Uncertain,Uncertain,Moderate,Diurnal,Diurnal,Invertebrate,No,No,No,None,Tropical Forest,Resident,,,Green-billed Malkoha,Phaenicophaeus tristis
Chestnut-winged Cuckoo,Clamator coromandus,chwcuc1,Cuculiformes,Cuculidae (Cuckoos),Least Concern,Schedule-IV,,,NA,NA,NA,NA,24 hour,Diurnal,Invertebrate,No,No,No,None,Wooded Habitat,Summer Migrant & Localized Winter Migrant,,,Chestnut-winged Cuckoo,Clamator coromandus
Pied Cuckoo,Clamator jacobinus,piecuc1,Cuculiformes,Cuculidae (Cuckoos),Least Concern,Schedule-IV,,,Low,Stable,Uncertain,Large,24 hour,Diurnal,Invertebrate,No,No,No,None,None,Resident & Summer Migrant,,,Pied Cuckoo,Clamator jacobinus
Asian Koel,Eudynamys scolopaceus,asikoe2,Cuculiformes,Cuculidae (Cuckoos),Least Concern,Schedule-IV,,,Low,Moderate Increase,Strong Increase,Very Large,24 hour,Diurnal,Fruit & Nect,No,No,No,None,None,Resident,,,Asian Koel,Eudynamys scolopaceus
Asian Emerald Cuckoo,Chrysococcyx maculatus,asecuc1,Cuculiformes,Cuculidae (Cuckoos),Least Concern,Schedule-IV,,,NA,NA,NA,NA,24 hour,Diurnal,Invertebrate,No,No,No,None,Wooded Habitat,Resident & Summer Migrant,,,Asian Emerald Cuckoo,Chrysococcyx maculatus
Violet Cuckoo,Chrysococcyx xanthorhynchus,viocuc1,Cuculiformes,Cuculidae (Cuckoos),Least Concern,Schedule-IV,,,NA,NA,NA,NA,Diurnal,Diurnal,Invertebrate,No,No,No,None,Wooded Habitat,Resident & Summer Migrant,,,Violet Cuckoo,Chrysococcyx xanthorhynchus
Horsfield's Bronze-Cuckoo,Chrysococcyx basalis,hobcuc1,Cuculiformes,Cuculidae (Cuckoos),Least Concern,Schedule-IV,,,NA,NA,NA,NA,Diurnal,Diurnal,Invertebrate,No,No,No,None,Wooded Habitat,Uncertain,,1,Horsfield's Bronze Cuckoo,Chrysococcyx basalis
Banded Bay Cuckoo,Cacomantis sonneratii,babcuc2,Cuculiformes,Cuculidae (Cuckoos),Least Concern,Schedule-IV,,,Moderate,Moderate Decline,Uncertain,Large,Diurnal,Diurnal,Invertebrate,No,No,No,None,Wooded Habitat,Resident,,,Banded Bay Cuckoo,Cacomantis sonneratii
Plaintive Cuckoo,Cacomantis merulinus,placuc1,Cuculiformes,Cuculidae (Cuckoos),Least Concern,Schedule-IV,,,Moderate,Data Deficient,Uncertain,Restricted,24 hour,Diurnal,Invertebrate,No,No,No,None,Wooded Habitat,Resident & Winter Migrant,,,Plaintive Cuckoo,Cacomantis merulinus
Gray-bellied Cuckoo,Cacomantis passerinus,placuc3,Cuculiformes,Cuculidae (Cuckoos),Least Concern,Schedule-IV,,,Low,Uncertain,Uncertain,Large,24 hour,Diurnal,Invertebrate,No,Yes,No,Indian Subcontinent,None,Resident,,,Grey-bellied Cuckoo,Cacomantis passerinus
Fork-tailed Drongo-Cuckoo,Surniculus dicruroides,asidrc2,Cuculiformes,Cuculidae (Cuckoos),Least Concern,Schedule-IV,,,Low,Data Deficient,Uncertain,Moderate,24 hour,Diurnal,Invertebrate,No,No,No,None,Wooded Habitat,Resident & Local Migrant,,,Fork-tailed Drongo Cuckoo,Surniculus dicruroides
Square-tailed Drongo-Cuckoo,Surniculus lugubris,asidrc3,Cuculiformes,Cuculidae (Cuckoos),Least Concern,Schedule-IV,,,Low,Data Deficient,Uncertain,Moderate,24 hour,Diurnal,Invertebrate,No,No,No,None,Wooded Habitat,Summer Migrant,,,Square-tailed Drongo Cuckoo,Surniculus lugubris
Large Hawk-Cuckoo,Hierococcyx sparverioides,larhac2,Cuculiformes,Cuculidae (Cuckoos),Least Concern,Schedule-IV,,,Low,Uncertain,Uncertain,Moderate,24 hour,Diurnal,Invertebrate,No,No,No,None,Forest,Resident & Local Migrant,,,Large Hawk Cuckoo,Hierococcyx sparverioides
Common Hawk-Cuckoo,Hierococcyx varius,cohcuc1,Cuculiformes,Cuculidae (Cuckoos),Least Concern,Schedule-IV,,,Moderate,Moderate Decline,Uncertain,Very Large,24 hour,Diurnal,Invertebrate,No,Yes,No,Indian Subcontinent,Wooded Habitat,Resident,,,Common Hawk Cuckoo,Hierococcyx varius
Hodgson's Hawk-Cuckoo,Hierococcyx nisicolor,hodhac1,Cuculiformes,Cuculidae (Cuckoos),Least Concern,Schedule-IV,,,NA,NA,NA,NA,24 hour,Diurnal,Invertebrate,No,No,No,None,Forest,Summer Migrant,,,Hodgson's Hawk Cuckoo,Hierococcyx nisicolor
Lesser Cuckoo,Cuculus poliocephalus,lescuc1,Cuculiformes,Cuculidae (Cuckoos),Least Concern,Schedule-IV,,,Moderate,Data Deficient,Strong Decline,Moderate,24 hour,Diurnal,Invertebrate,No,No,No,None,Temperate Forest,Summer Migrant & Localized Winter Migrant,,,Lesser Cuckoo,Cuculus poliocephalus
Indian Cuckoo,Cuculus micropterus,indcuc1,Cuculiformes,Cuculidae (Cuckoos),Least Concern,Schedule-IV,,,Moderate,Moderate Decline,Strong Decline,Large,24 hour,Diurnal,Invertebrate,No,No,No,None,Wooded Habitat,Summer Migrant & Localized Winter Migrant,,,Indian Cuckoo,Cuculus micropterus
Himalayan Cuckoo,Cuculus saturatus,himcuc1,Cuculiformes,Cuculidae (Cuckoos),Least Concern,Schedule-IV,,,Moderate,Data Deficient,Moderate Decline,Moderate,Diurnal,Diurnal,Invertebrate,No,No,No,None,Forest,Summer Migrant,,,Himalayan Cuckoo,Cuculus saturatus
Common Cuckoo,Cuculus canorus,comcuc,Cuculiformes,Cuculidae (Cuckoos),Least Concern,Schedule-IV,,,Moderate,Moderate Decline,Moderate Decline,Large,Diurnal,Diurnal,Invertebrate,No,No,No,None,None,Summer and Passage Migrant,,,Common Cuckoo,Cuculus canorus
Sri Lanka Frogmouth,Batrachostomus moniliger,ceyfro1,Caprimulgiformes,Podargidae (Frogmouths),Least Concern,Schedule-I,,,NA,NA,NA,NA,Nocturnal,Nocturnal,Invertebrate,No,Yes,No,Western Ghats & Sri Lanka,Tropical Forest,Resident,,,Sri Lanka Frogmouth,Batrachostomus moniliger
Hodgson's Frogmouth,Batrachostomus hodgsoni,hodfro1,Caprimulgiformes,Podargidae (Frogmouths),Least Concern,Schedule-I,,,NA,NA,NA,NA,Nocturnal,Nocturnal,Invertebrate,No,No,No,None,Forest,Resident,1,,Hodgson's Frogmouth,Batrachostomus hodgsoni
Great Eared-Nightjar,Lyncornis macrotis,grenig1,Caprimulgiformes,Caprimulgidae (Nightjars and Allies),Least Concern,Schedule-IV,,,NA,NA,NA,NA,Nocturnal,Nocturnal,Invertebrate,No,No,No,None,Tropical Forest,Resident & Summer Migrant,1,,Great Eared Nightjar,Lyncornis macrotis
Jungle Nightjar,Caprimulgus indicus,grynig2,Caprimulgiformes,Caprimulgidae (Nightjars and Allies),Least Concern,Schedule-IV,,,NA,NA,NA,NA,Nocturnal,Nocturnal,Invertebrate,No,Yes,No,Indian Subcontinent,Wooded Habitat,Resident,,,Jungle Nightjar,Caprimulgus indicus
Gray Nightjar,Caprimulgus jotaka,grynig1,Caprimulgiformes,Caprimulgidae (Nightjars and Allies),Least Concern,Schedule-IV,,,NA,NA,NA,NA,Nocturnal,Nocturnal,Invertebrate,No,No,No,None,None,Resident & Summer Migrant,,,Grey Nightjar,Caprimulgus jotaka
Eurasian Nightjar,Caprimulgus europaeus,eurnig1,Caprimulgiformes,Caprimulgidae (Nightjars and Allies),Least Concern,Schedule-IV,,,NA,NA,NA,NA,Nocturnal,Nocturnal,Invertebrate,No,No,No,None,Scrub,Passage Migrant,,,European Nightjar,Caprimulgus europaeus
Sykes's Nightjar,Caprimulgus mahrattensis,syknig1,Caprimulgiformes,Caprimulgidae (Nightjars and Allies),Least Concern,Schedule-IV,,,NA,NA,NA,NA,Nocturnal,Nocturnal,Invertebrate,No,No,No,None,Grassland and Scrub,Resident & Winter Migrant,1,,Sykes's Nightjar,Caprimulgus mahrattensis
Large-tailed Nightjar,Caprimulgus macrurus,latnig2,Caprimulgiformes,Caprimulgidae (Nightjars and Allies),Least Concern,Schedule-IV,,,NA,NA,NA,NA,Nocturnal,Nocturnal,Invertebrate,No,No,No,None,Forest,Resident,,,Large-tailed Nightjar,Caprimulgus macrurus
Andaman Nightjar,Caprimulgus andamanicus,andnig1,Caprimulgiformes,Caprimulgidae (Nightjars and Allies),Least Concern,Schedule-IV,,,NA,NA,NA,NA,Nocturnal,Nocturnal,Invertebrate,Yes,Yes,No,Andaman and Nicobar Islands,Grassland,Resident,,,Andaman Nightjar,Caprimulgus andamanicus
Jerdon's Nightjar,Caprimulgus atripennis,jernig1,Caprimulgiformes,Caprimulgidae (Nightjars and Allies),Least Concern,Schedule-IV,,,NA,NA,NA,NA,Nocturnal,Nocturnal,Invertebrate,No,Yes,No,Indian Subcontinent,None,Resident,,,Jerdon's Nightjar,Caprimulgus atripennis
Indian Nightjar,Caprimulgus asiaticus,indnig1,Caprimulgiformes,Caprimulgidae (Nightjars and Allies),Least Concern,Schedule-IV,,,NA,NA,NA,NA,Nocturnal,Nocturnal,Invertebrate,No,No,No,None,None,Resident,,,Indian Nightjar,Caprimulgus asiaticus
Savanna Nightjar,Caprimulgus affinis,savnig1,Caprimulgiformes,Caprimulgidae (Nightjars and Allies),Least Concern,Schedule-IV,,,NA,NA,NA,NA,Nocturnal,Nocturnal,Invertebrate,No,No,No,None,Grassland and Scrub,Resident,,,Savanna Nightjar,Caprimulgus affinis
White-rumped Needletail,Zoonavena sylvatica,whrnee1,Caprimulgiformes,Apodidae (Swifts),Least Concern,Schedule-IV,,,Moderate,Strong Decline,Uncertain,Moderate,Diurnal,Diurnal,Invertebrate,No,Yes,No,Indian Subcontinent,Tropical Forest,Resident,,,White-rumped Spinetail,Zoonavena sylvatica
White-throated Needletail,Hirundapus caudacutus,whtnee,Caprimulgiformes,Apodidae (Swifts),Least Concern,Schedule-IV,,,NA,NA,NA,NA,Diurnal,Diurnal,Invertebrate,No,No,No,None,None,Summer Migrant,1,,White-throated Needletail,Hirundapus caudacutus
Silver-backed Needletail,Hirundapus cochinchinensis,sibnee1,Caprimulgiformes,Apodidae (Swifts),Least Concern,Schedule-IV,,,NA,NA,NA,NA,Diurnal,Diurnal,Invertebrate,No,No,No,None,Tropical Forest,Summer Migrant,,,Silver-backed Needletail,Hirundapus cochinchinensis
Brown-backed Needletail,Hirundapus giganteus,brbnee1,Caprimulgiformes,Apodidae (Swifts),Least Concern,Schedule-IV,,,Moderate,Moderate Decline,Moderate Decline,Moderate,Diurnal,Diurnal,Invertebrate,No,No,No,None,Tropical Forest,Resident,1,,Brown-backed Needletail,Hirundapus giganteus
Plume-toed Swiftlet,Collocalia affinis,pltswi1,Caprimulgiformes,Apodidae (Swifts),Least Concern,Schedule-IV,,,High,Data Deficient,Uncertain,Very Restricted,Diurnal,Diurnal,Invertebrate,No,No,No,None,None,Resident,,,Plume-toed Swiftlet,Collocalia affinis
Indian Swiftlet,Aerodramus unicolor,indswi1,Caprimulgiformes,Apodidae (Swifts),Least Concern,Schedule-I,,,Low,Uncertain,Uncertain,Moderate,Diurnal,Diurnal,Invertebrate,No,Yes,No,Indian Subcontinent,Tropical Forest,Resident,,,Indian Swiftlet,Aerodramus unicolor
Himalayan Swiftlet,Aerodramus brevirostris,himswi2,Caprimulgiformes,Apodidae (Swifts),Least Concern,Schedule-IV,,,Moderate,Strong Decline,Uncertain,Moderate,Diurnal,Diurnal,Invertebrate,No,No,No,None,Temperate Forest,Resident,,,Himalayan Swiftlet,Aerodramus brevirostris
White-nest Swiftlet,Aerodramus fuciphagus,ednswi1,Caprimulgiformes,Apodidae (Swifts),Least Concern,Schedule-IV,,,NA,NA,NA,NA,Diurnal,Diurnal,Invertebrate,No,No,No,None,Wetland,Resident,,,Edible-nest Swiftlet,Aerodramus fuciphagus
Alpine Swift,Apus melba,alpswi1,Caprimulgiformes,Apodidae (Swifts),Least Concern,Schedule-IV,,,Low,Stable,Uncertain,Moderate,Diurnal,Diurnal,Invertebrate,No,No,No,None,Forest,Resident & Local Migrant,1,,Alpine Swift,Tachymarptis melba
Common Swift,Apus apus,comswi,Caprimulgiformes,Apodidae (Swifts),Least Concern,Schedule-IV,,,NA,NA,NA,NA,Diurnal,Diurnal,Invertebrate,No,No,No,None,None,Winter Migrant & Localized Summer Migrant,,,Common Swift,Apus apus
Pacific Swift,Apus pacificus,fotswi,Caprimulgiformes,Apodidae (Swifts),Least Concern,Schedule-IV,,,NA,NA,NA,NA,Diurnal,Diurnal,Invertebrate,No,No,No,None,None,Uncertain,,1,Pacific Swift,Apus pacificus
Blyth's Swift,Apus leuconyx,blyswi1,Caprimulgiformes,Apodidae (Swifts),Not Evaluated,Schedule-IV,,,Moderate,Data Deficient,Data Deficient,Restricted,Diurnal,Diurnal,Invertebrate,No,No,No,None,Forest,Local Migrant,,,Blyth’s Swift,Apus leuconyx
Dark-rumped Swift,Apus acuticauda,darswi1,Caprimulgiformes,Apodidae (Swifts),Vulnerable,Schedule-IV,,,High,Data Deficient,Data Deficient,Restricted,Diurnal,Diurnal,Invertebrate,No,No,No,None,Temperate Forest,Resident,1,,Dark-rumped Swift,Apus acuticauda
Little Swift,Apus affinis,litswi1,Caprimulgiformes,Apodidae (Swifts),Least Concern,Schedule-IV,,,Low,Moderate Decline,Strong Increase,Very Large,Diurnal,Diurnal,Invertebrate,No,No,No,None,None,Resident,,,Indian House Swift,Apus affinis
House Swift,Apus nipalensis,houswi1,Caprimulgiformes,Apodidae (Swifts),Least Concern,Schedule-IV,,,NA,NA,NA,NA,Diurnal,Diurnal,Invertebrate,No,No,No,None,None,Resident,,,Nepal House Swift,Apus nipalensis
Asian Palm-Swift,Cypsiurus balasiensis,aspswi1,Caprimulgiformes,Apodidae (Swifts),Least Concern,Schedule-IV,,,Low,Stable,Uncertain,Very Large,Diurnal,Diurnal,Invertebrate,No,No,No,None,None,Resident,,,Asian Palm Swift,Cypsiurus balasiensis
Crested Treeswift,Hemiprocne coronata,cretre1,Caprimulgiformes,Hemiprocnidae (Treeswifts),Least Concern,Schedule-IV,,,High,Strong Decline,Strong Decline,Large,Diurnal,Diurnal,Invertebrate,No,No,No,None,Forest,Resident,1,,Crested Treeswift,Hemiprocne coronata
Water Rail,Rallus aquaticus,watrai1,Gruiformes,"Rallidae (Rails, Gallinules, and Coots)",Least Concern,Schedule-IV,,,NA,NA,NA,NA,Diurnal,Diurnal,Omnivore,No,No,No,None,Wetland,Winter Migrant,,,Water Rail,Rallus aquaticus
Brown-cheeked Rail,Rallus indicus,bncrai1,Gruiformes,"Rallidae (Rails, Gallinules, and Coots)",Least Concern,Schedule-IV,,,NA,NA,NA,NA,Diurnal,Diurnal,Omnivore,No,No,No,None,Wetland,Winter Migrant,,,Brown-cheeked Rail,Rallus indicus
Corn Crake,Crex crex,corcra,Gruiformes,"Rallidae (Rails, Gallinules, and Coots)",Least Concern,Schedule-IV,,Appendix II,NA,NA,NA,NA,24 hour,Diurnal,Omnivore,No,No,No,None,None,Uncertain,,1,Corncrake,Crex crex
Slaty-breasted Rail,Lewinia striata,slbrai1,Gruiformes,"Rallidae (Rails, Gallinules, and Coots)",Least Concern,Schedule-IV,,,Low,Data Deficient,Uncertain,Moderate,Diurnal,Diurnal,Omnivore,No,No,No,None,Wetland,Resident,,,Slaty-breasted Rail,Lewinia striata
Spotted Crake,Porzana porzana,spocra1,Gruiformes,"Rallidae (Rails, Gallinules, and Coots)",Least Concern,Schedule-IV,,,NA,NA,NA,NA,Diurnal,Diurnal,Omnivore,No,No,No,None,Wetland,Winter Migrant,,,Spotted Crake,Porzana porzana
Eurasian Moorhen,Gallinula chloropus,commoo3,Gruiformes,"Rallidae (Rails, Gallinules, and Coots)",Least Concern,Schedule-IV,,,Low,Uncertain,Uncertain,Large,Diurnal,Diurnal,Omnivore,No,No,No,None,Wetland,Resident & Winter Migrant,,,Common Moorhen,Gallinula chloropus
Eurasian Coot,Fulica atra,eurcoo,Gruiformes,"Rallidae (Rails, Gallinules, and Coots)",Least Concern,Schedule-IV,,,Moderate,Stable,Strong Decline,Large,Diurnal,Diurnal,Plant & Seed,No,No,No,None,Wetland,Resident & Winter Migrant,,,Eurasian Coot,Fulica atra
Gray-headed Swamphen,Porphyrio poliocephalus,purswa3,Gruiformes,"Rallidae (Rails, Gallinules, and Coots)",Least Concern,Schedule-IV,,,Moderate,Uncertain,Strong Decline,Very Large,Diurnal,Diurnal,Omnivore,No,No,No,None,Wetland,Resident,,,Grey-headed Swamphen,Porphyrio poliocephalus
White-browed Crake,Poliolimnas cinereus,whbcra1,Gruiformes,"Rallidae (Rails, Gallinules, and Coots)",Least Concern,Schedule-IV,,,NA,NA,NA,NA,Diurnal,Diurnal,Omnivore,No,No,No,None,Wetland,Uncertain,,1,White-browed Crake,Poliolimnas cinereus
Watercock,Gallicrex cinerea,waterc1,Gruiformes,"Rallidae (Rails, Gallinules, and Coots)",Least Concern,Schedule-IV,,,Moderate,Data Deficient,Strong Decline,Moderate,Diurnal,Diurnal,Plant & Seed,No,No,No,None,Wetland,Resident & Local Migrant,1,,Watercock,Gallicrex cinerea
White-breasted Waterhen,Amaurornis phoenicurus,whbwat1,Gruiformes,"Rallidae (Rails, Gallinules, and Coots)",Least Concern,Schedule-IV,,,Low,Stable,Uncertain,Very Large,24 hour,Diurnal,Omnivore,No,No,No,None,None,Resident,,,White-breasted Waterhen,Amaurornis phoenicurus
Andaman Crake,Rallina canningi,andcra1,Gruiformes,"Rallidae (Rails, Gallinules, and Coots)",Least Concern,Schedule-IV,,,Moderate,Data Deficient,Data Deficient,Restricted,Diurnal,Diurnal,Invertebrate,Yes,Yes,No,Andaman Islands,Tropical Forest,Resident,,,Andaman Crake,Rallina canningi
Red-legged Crake,Rallina fasciata,relcra1,Gruiformes,"Rallidae (Rails, Gallinules, and Coots)",Least Concern,Schedule-IV,,,NA,NA,NA,NA,24 hour,24 hour,Plant & Seed,No,No,No,None,None,Uncertain,,,Red-legged Crake,Rallina fasciata
Slaty-legged Crake,Rallina eurizonoides,sllcra1,Gruiformes,"Rallidae (Rails, Gallinules, and Coots)",Least Concern,Schedule-IV,,,Moderate,Data Deficient,Data Deficient,Moderate,24 hour,24 hour,Plant & Seed,No,No,No,None,None,Resident,,,Slaty-legged Crake,Rallina eurizonoides
Ruddy-breasted Crake,Zapornia fusca,rubcra1,Gruiformes,"Rallidae (Rails, Gallinules, and Coots)",Least Concern,Schedule-IV,,,Low,Data Deficient,Uncertain,Large,Diurnal,Diurnal,Omnivore,No,No,No,None,Wetland,Resident,,,Ruddy-breasted Crake,Zapornia fusca
Brown Crake,Zapornia akool,brocra1,Gruiformes,"Rallidae (Rails, Gallinules, and Coots)",Least Concern,Schedule-IV,,,Moderate,Moderate Decline,Uncertain,Large,Diurnal,Diurnal,Omnivore,No,No,No,None,Wetland,Resident,,,Brown Crake,Zapornia akool
Little Crake,Zapornia parva,litcra1,Gruiformes,"Rallidae (Rails, Gallinules, and Coots)",Least Concern,Schedule-IV,,,NA,NA,NA,NA,Diurnal,Diurnal,Omnivore,No,No,No,None,Wetland,Winter Migrant,,,Little Crake,Zapornia parva
Baillon's Crake,Zapornia pusilla,baicra1,Gruiformes,"Rallidae (Rails, Gallinules, and Coots)",Least Concern,Schedule-IV,,,Low,Data Deficient,Uncertain,Moderate,24 hour,Diurnal,Omnivore,No,No,No,None,Wetland,Winter Migrant,,,Baillon's Crake,Zapornia pusilla
Black-tailed Crake,Zapornia bicolor,bltcra1,Gruiformes,"Rallidae (Rails, Gallinules, and Coots)",Least Concern,Schedule-IV,,,Moderate,Data Deficient,Data Deficient,Restricted,Diurnal,Diurnal,Omnivore,No,No,No,None,Wetland,Resident,1,,Black-tailed Crake,Zapornia bicolor
Masked Finfoot,Heliopais personatus,masfin3,Gruiformes,Heliornithidae (Finfoots),Endangered,Schedule-IV,,,NA,NA,NA,NA,24 hour,24 hour,Omnivore,No,No,No,None,Wetland,Resident,,1,Masked Finfoot,Heliopais personatus
Demoiselle Crane,Anthropoides virgo,demcra1,Gruiformes,Gruidae (Cranes),Least Concern,Schedule-IV,Appendix II,Appendix II,Low,Data Deficient,Uncertain,Moderate,Diurnal,Diurnal,Plant & Seed,No,No,No,None,Open Habitat,Winter Migrant,1,,Demoiselle Crane,Grus virgo
Siberian Crane,Leucogeranus leucogeranus,sibcra1,Gruiformes,Gruidae (Cranes),Critically Endangered,Schedule-I,Appendix II,Appendix I,NA,NA,NA,NA,No information,No information,Plant & Seed,No,No,No,None,None,Winter Migrant,,1,Siberian Crane,Leucogeranus leucogeranus
Sarus Crane,Antigone antigone,sarcra1,Gruiformes,Gruidae (Cranes),Vulnerable,Schedule-IV,Appendix II,Appendix II,Moderate,Moderate Decline,Moderate Decline,Large,Diurnal,Diurnal,Plant & Seed,No,No,No,None,Wetland,Resident,,,Sarus Crane,Antigone antigone
Common Crane,Grus grus,comcra,Gruiformes,Gruidae (Cranes),Least Concern,Schedule-IV,Appendix II,Appendix II,Moderate,Strong Decline,Uncertain,Moderate,Diurnal,Diurnal,Plant & Seed,No,No,No,None,Open Habitat,Winter Migrant,,,Common Crane,Grus grus
Black-necked Crane,Grus nigricollis,blncra1,Gruiformes,Gruidae (Cranes),Near Threatened,Schedule-I,Appendix I,Appendix I,High,Data Deficient,Data Deficient,Restricted,Diurnal,Diurnal,Omnivore,No,No,No,None,Wetland,Summer Migrant & Localized Winter Migrant,1,,Black-necked Crane,Grus nigricollis
Indian Thick-knee,Burhinus indicus,indthk1,Charadriiformes,Burhinidae (Thick-knees),Least Concern,Schedule-IV,,,Moderate,Strong Decline,Uncertain,Large,24 hour,24 hour,Invertebrate,No,No,No,None,None,Resident,,,Indian Thick-knee,Burhinus indicus
Great Thick-knee,Esacus recurvirostris,grtkne1,Charadriiformes,Burhinidae (Thick-knees),Near Threatened,Schedule-IV,,,Moderate,Moderate Decline,Uncertain,Large,24 hour,24 hour,Invertebrate,No,No,No,None,Wetland,Resident,1,,Great Thick-knee,Esacus recurvirostris
Beach Thick-knee,Esacus magnirostris,beathk1,Charadriiformes,Burhinidae (Thick-knees),Near Threatened,Schedule-IV,,,NA,NA,NA,NA,24 hour,24 hour,Invertebrate,No,No,No,None,Wetland,Resident,,,Beach Thick-knee,Esacus magnirostris
Black-winged Stilt,Himantopus himantopus,bkwsti,Charadriiformes,Recurvirostridae (Stilts and Avocets),Least Concern,Schedule-IV,,Appendix II,Low,Stable,Uncertain,Large,24 hour,24 hour,Invertebrate,No,No,No,None,Wetland,Resident & Local Migrant,,,Black-winged Stilt,Himantopus himantopus
Pied Avocet,Recurvirostra avosetta,pieavo1,Charadriiformes,Recurvirostridae (Stilts and Avocets),Least Concern,Schedule-IV,,Appendix II,Moderate,Uncertain,Moderate Decline,Moderate,24 hour,24 hour,Invertebrate,No,No,No,None,Wetland,Winter Migrant,,,Pied Avocet,Recurvirostra avosetta
Ibisbill,Ibidorhyncha struthersii,ibisbi1,Charadriiformes,Ibidorhynchidae (Ibisbill),Least Concern,Schedule-IV,,Appendix II,NA,NA,NA,NA,Diurnal,Diurnal,Invertebrate,No,No,No,None,Wetland,Local Migrant,1,,Ibisbill,Ibidorhyncha struthersii
Eurasian Oystercatcher,Haematopus ostralegus,euroys1,Charadriiformes,Haematopodidae (Oystercatchers),Near Threatened,Schedule-IV,,Appendix II,Moderate,Data Deficient,Uncertain,Restricted,24 hour,24 hour,Invertebrate,No,No,No,None,Wetland,Winter Migrant,,,Eurasian Oystercatcher,Haematopus ostralegus
Black-bellied Plover,Pluvialis squatarola,bkbplo,Charadriiformes,Charadriidae (Plovers and Lapwings),Least Concern,Schedule-IV,,Appendix II,Moderate,Strong Decline,Uncertain,Moderate,24 hour,24 hour,Invertebrate,No,No,No,None,Wetland,Winter Migrant,,,Grey Plover,Pluvialis squatarola
European Golden-Plover,Pluvialis apricaria,eugplo,Charadriiformes,Charadriidae (Plovers and Lapwings),Least Concern,Schedule-IV,,Appendix II,NA,NA,NA,NA,24 hour,24 hour,Invertebrate,No,No,No,None,Wetland,Winter Migrant,,1,Eurasian Golden Plover,Pluvialis apricaria
American Golden-Plover,Pluvialis dominica,amgplo,Charadriiformes,Charadriidae (Plovers and Lapwings),Least Concern,Schedule-IV,,Appendix II,NA,NA,NA,NA,24 hour,24 hour,Invertebrate,No,No,No,None,Wetland,Uncertain,,1,American Golden Plover,Pluvialis dominica
Pacific Golden-Plover,Pluvialis fulva,pagplo,Charadriiformes,Charadriidae (Plovers and Lapwings),Least Concern,Schedule-IV,,Appendix II,High,Strong Decline,Strong Decline,Moderate,24 hour,24 hour,Invertebrate,No,No,No,None,Wetland,Winter Migrant,,,Pacific Golden Plover,Pluvialis fulva
Northern Lapwing,Vanellus vanellus,norlap,Charadriiformes,Charadriidae (Plovers and Lapwings),Near Threatened,Schedule-IV,,Appendix II,Moderate,Data Deficient,Uncertain,Moderate,24 hour,24 hour,Invertebrate,No,No,No,None,Wetland,Winter Migrant,,,Northern Lapwing,Vanellus vanellus
River Lapwing,Vanellus duvaucelii,rivlap1,Charadriiformes,Charadriidae (Plovers and Lapwings),Near Threatened,Schedule-IV,,Appendix II,Moderate,Uncertain,Uncertain,Large,Diurnal,Diurnal,Invertebrate,No,No,No,None,Wetland,Resident,,,River Lapwing,Vanellus duvaucelii
Yellow-wattled Lapwing,Vanellus malabaricus,yewlap2,Charadriiformes,Charadriidae (Plovers and Lapwings),Least Concern,Schedule-IV,,Appendix II,Moderate,Moderate Decline,Strong Decline,Very Large,Diurnal,Diurnal,Invertebrate,No,Yes,No,Indian Subcontinent,Grassland,Resident,,,Yellow-wattled Lapwing,Vanellus malabaricus
Gray-headed Lapwing,Vanellus cinereus,gyhlap1,Charadriiformes,Charadriidae (Plovers and Lapwings),Least Concern,Schedule-IV,,Appendix II,Low,Uncertain,Uncertain,Moderate,Diurnal,Diurnal,Invertebrate,No,No,No,None,Wetland,Winter Migrant,,,Grey-headed Lapwing,Vanellus cinereus
Red-wattled Lapwing,Vanellus indicus,rewlap1,Charadriiformes,Charadriidae (Plovers and Lapwings),Least Concern,Schedule-IV,,Appendix II,Low,Stable,Moderate Decline,Very Large,24 hour,24 hour,Invertebrate,No,No,No,None,None,Resident,,,Red-wattled Lapwing,Vanellus indicus
Sociable Lapwing,Vanellus gregarius,soclap1,Charadriiformes,Charadriidae (Plovers and Lapwings),Critically Endangered,Schedule-IV,,Appendix I,High,Data Deficient,Data Deficient,Very Restricted,Diurnal,Diurnal,Invertebrate,No,No,No,None,Grassland,Winter Migrant,1,,Sociable Lapwing,Vanellus gregarius
White-tailed Lapwing,Vanellus leucurus,whtlap1,Charadriiformes,Charadriidae (Plovers and Lapwings),Least Concern,Schedule-IV,,Appendix II,Moderate,Uncertain,Strong Decline,Moderate,Diurnal,Diurnal,Invertebrate,No,No,No,None,Wetland,Winter Migrant,,,White-tailed Lapwing,Vanellus leucurus
Lesser Sand-Plover,Charadrius mongolus,lesplo,Charadriiformes,Charadriidae (Plovers and Lapwings),Least Concern,Schedule-IV,,Appendix II,Moderate,Strong Decline,Uncertain,Moderate,24 hour,24 hour,Invertebrate,No,No,No,None,Wetland,Winter Migrant & Localized Summer Migrant,,,Lesser Sand Plover,Charadrius mongolus
Greater Sand-Plover,Charadrius leschenaultii,grsplo,Charadriiformes,Charadriidae (Plovers and Lapwings),Least Concern,Schedule-IV,,Appendix II,Low,Data Deficient,Uncertain,Moderate,Diurnal,Diurnal,Invertebrate,No,No,No,None,Wetland,Winter Migrant,,,Greater Sand Plover,Charadrius leschenaultii
Caspian Plover,Charadrius asiaticus,casplo1,Charadriiformes,Charadriidae (Plovers and Lapwings),Least Concern,Schedule-IV,,Appendix II,NA,NA,NA,NA,24 hour,24 hour,Invertebrate,No,No,No,None,Open Habitat,Winter Migrant,,,Caspian Plover,Charadrius asiaticus
Kentish Plover,Charadrius alexandrinus,kenplo1,Charadriiformes,Charadriidae (Plovers and Lapwings),Least Concern,Schedule-IV,,Appendix II,Moderate,Strong Decline,Uncertain,Moderate,Diurnal,Diurnal,Invertebrate,No,No,No,None,Wetland,Resident & Local Migrant,,,Kentish Plover,Charadrius alexandrinus
Common Ringed Plover,Charadrius hiaticula,corplo,Charadriiformes,Charadriidae (Plovers and Lapwings),Least Concern,Schedule-IV,,Appendix II,NA,NA,NA,NA,24 hour,24 hour,Invertebrate,No,No,No,None,Wetland,Winter Migrant,,,Common Ringed Plover,Charadrius hiaticula
Long-billed Plover,Charadrius placidus,lobplo1,Charadriiformes,Charadriidae (Plovers and Lapwings),Least Concern,Schedule-IV,,Appendix II,NA,NA,NA,NA,Diurnal,Diurnal,Invertebrate,No,No,No,None,Wetland,Winter Migrant,1,,Long-billed Plover,Charadrius placidus
Little Ringed Plover,Charadrius dubius,lirplo,Charadriiformes,Charadriidae (Plovers and Lapwings),Least Concern,Schedule-IV,,Appendix II,Moderate,Moderate Decline,Moderate Decline,Large,Diurnal,Diurnal,Invertebrate,No,No,No,None,Open Habitat,Resident & Winter Migrant,,,Little Ringed Plover,Charadrius dubius
Oriental Plover,Charadrius veredus,oriplo1,Charadriiformes,Charadriidae (Plovers and Lapwings),Least Concern,Schedule-IV,,Appendix II,NA,NA,NA,NA,24 hour,24 hour,Invertebrate,No,No,No,None,Open Habitat,Uncertain,,1,Oriental Plover,Charadrius veredus
Greater Painted-Snipe,Rostratula benghalensis,grpsni1,Charadriiformes,Rostratulidae (Painted-Snipes),Least Concern,Schedule-IV,,,Moderate,Moderate Decline,Uncertain,Large,24 hour,24 hour,Invertebrate,No,No,No,None,Wetland,Resident,,,Greater Painted-snipe,Rostratula benghalensis
Pheasant-tailed Jacana,Hydrophasianus chirurgus,phtjac1,Charadriiformes,Jacanidae (Jacanas),Least Concern,Schedule-IV,,,Moderate,Moderate Decline,Uncertain,Very Large,Diurnal,Diurnal,Invertebrate,No,No,No,None,Wetland,Resident,,,Pheasant-tailed Jacana,Hydrophasianus chirurgus
Bronze-winged Jacana,Metopidius indicus,brwjac1,Charadriiformes,Jacanidae (Jacanas),Least Concern,Schedule-IV,,,Low,Stable,Moderate Decline,Very Large,Diurnal,Diurnal,Plant & Seed,No,No,No,None,Wetland,Resident,,,Bronze-winged Jacana,Metopidius indicus
Whimbrel,Numenius phaeopus,whimbr,Charadriiformes,Scolopacidae (Sandpipers and Allies),Least Concern,Schedule-IV,,Appendix II,Moderate,Strong Decline,Uncertain,Moderate,24 hour,24 hour,Invertebrate,No,No,No,None,Wetland,Winter Migrant,,,Whimbrel,Numenius phaeopus
Eurasian Curlew,Numenius arquata,eurcur,Charadriiformes,Scolopacidae (Sandpipers and Allies),Near Threatened,Schedule-IV,,Appendix II,Moderate,Strong Decline,Uncertain,Moderate,24 hour,24 hour,Omnivore,No,No,No,None,Wetland,Winter Migrant,,,Eurasian Curlew,Numenius arquata
Bar-tailed Godwit,Limosa lapponica,batgod,Charadriiformes,Scolopacidae (Sandpipers and Allies),Near Threatened,Schedule-IV,,Appendix II,Moderate,Data Deficient,Uncertain,Moderate,24 hour,24 hour,Invertebrate,No,No,No,None,Wetland,Winter Migrant,,,Bar-tailed Godwit,Limosa lapponica
Black-tailed Godwit,Limosa limosa,bktgod,Charadriiformes,Scolopacidae (Sandpipers and Allies),Near Threatened,Schedule-IV,,Appendix II,Low,Stable,Uncertain,Large,Diurnal,Diurnal,Invertebrate,No,No,No,None,Wetland,Winter Migrant,,,Black-tailed Godwit,Limosa limosa
Ruddy Turnstone,Arenaria interpres,rudtur,Charadriiformes,Scolopacidae (Sandpipers and Allies),Least Concern,Schedule-IV,,Appendix II,Low,Data Deficient,Uncertain,Moderate,Diurnal,Diurnal,Invertebrate,No,No,No,None,Wetland,Winter Migrant,,,Ruddy Turnstone,Arenaria interpres
Great Knot,Calidris tenuirostris,grekno,Charadriiformes,Scolopacidae (Sandpipers and Allies),Endangered,Schedule-IV,,Appendix I,High,Data Deficient,Data Deficient,Restricted,24 hour,24 hour,Omnivore,No,No,No,None,Wetland,Winter Migrant,1,,Great Knot,Calidris tenuirostris
Red Knot,Calidris canutus,redkno,Charadriiformes,Scolopacidae (Sandpipers and Allies),Near Threatened,Schedule-IV,,Appendix I,NA,NA,NA,NA,24 hour,24 hour,Invertebrate,No,No,No,None,Wetland,Winter Migrant,,,Red Knot,Calidris canutus
Ruff,Calidris pugnax,ruff,Charadriiformes,Scolopacidae (Sandpipers and Allies),Least Concern,Schedule-IV,,Appendix II,Low,Stable,Uncertain,Large,24 hour,24 hour,Invertebrate,No,No,No,None,Wetland,Winter Migrant,,,Ruff,Calidris pugnax
Broad-billed Sandpiper,Calidris falcinellus,brbsan,Charadriiformes,Scolopacidae (Sandpipers and Allies),Least Concern,Schedule-IV,,Appendix II,Moderate,Data Deficient,Uncertain,Restricted,24 hour,24 hour,Invertebrate,No,No,No,None,Wetland,Winter Migrant,,,Broad-billed Sandpiper,Calidris falcinellus
Sharp-tailed Sandpiper,Calidris acuminata,shtsan,Charadriiformes,Scolopacidae (Sandpipers and Allies),Least Concern,Schedule-IV,,Appendix II,NA,NA,NA,NA,Diurnal,Diurnal,Invertebrate,No,No,No,None,Wetland,Uncertain,,1,Sharp-tailed Sandpiper,Calidris acuminata
Curlew Sandpiper,Calidris ferruginea,cursan,Charadriiformes,Scolopacidae (Sandpipers and Allies),Near Threatened,Schedule-IV,,Appendix II,Moderate,Strong Decline,Uncertain,Moderate,24 hour,24 hour,Invertebrate,No,No,No,None,Wetland,Winter Migrant,,,Curlew Sandpiper,Calidris ferruginea
Temminck's Stint,Calidris temminckii,temsti,Charadriiformes,Scolopacidae (Sandpipers and Allies),Least Concern,Schedule-IV,,Appendix II,Moderate,Moderate Decline,Uncertain,Large,24 hour,24 hour,Invertebrate,No,No,No,None,Wetland,Winter Migrant,,,Temminck's Stint,Calidris temminckii
Long-toed Stint,Calidris subminuta,lotsti,Charadriiformes,Scolopacidae (Sandpipers and Allies),Least Concern,Schedule-IV,,Appendix II,NA,NA,NA,NA,24 hour,24 hour,Invertebrate,No,No,No,None,Wetland,Winter Migrant,,,Long-toed Stint,Calidris subminuta
Spoon-billed Sandpiper,Calidris pygmaea,spbsan1,Charadriiformes,Scolopacidae (Sandpipers and Allies),Critically Endangered,Schedule-IV,,Appendix I,NA,NA,NA,NA,Diurnal,Diurnal,Invertebrate,No,No,No,None,Wetland,Uncertain,,,Spoon-billed Sandpiper,Calidris pygmaea
Red-necked Stint,Calidris ruficollis,rensti,Charadriiformes,Scolopacidae (Sandpipers and Allies),Near Threatened,Schedule-IV,,Appendix II,NA,NA,NA,NA,24 hour,24 hour,Invertebrate,No,No,No,None,Wetland,Winter Migrant,,,Red-necked Stint,Calidris ruficollis
Sanderling,Calidris alba,sander,Charadriiformes,Scolopacidae (Sandpipers and Allies),Least Concern,Schedule-IV,,Appendix II,Moderate,Data Deficient,Strong Decline,Moderate,24 hour,24 hour,Invertebrate,No,No,No,None,Wetland,Winter Migrant,,,Sanderling,Calidris alba
Dunlin,Calidris alpina,dunlin,Charadriiformes,Scolopacidae (Sandpipers and Allies),Least Concern,Schedule-IV,,Appendix II,Moderate,Strong Decline,Uncertain,Moderate,24 hour,24 hour,Invertebrate,No,No,No,None,Wetland,Winter Migrant,,,Dunlin,Calidris alpina
Little Stint,Calidris minuta,litsti,Charadriiformes,Scolopacidae (Sandpipers and Allies),Least Concern,Schedule-IV,,Appendix II,Moderate,Strong Decline,Uncertain,Large,24 hour,24 hour,Invertebrate,No,No,No,None,Wetland,Winter Migrant,,,Little Stint,Calidris minuta
Buff-breasted Sandpiper,Calidris subruficollis,bubsan,Charadriiformes,Scolopacidae (Sandpipers and Allies),Near Threatened,Schedule-IV,,Appendix I,NA,NA,NA,NA,Diurnal,Diurnal,Invertebrate,No,No,No,None,Open Habitat,Uncertain,,1,Buff-breasted Sandpiper,Calidris subruficollis
Pectoral Sandpiper,Calidris melanotos,pecsan,Charadriiformes,Scolopacidae (Sandpipers and Allies),Least Concern,Schedule-IV,,Appendix II,NA,NA,NA,NA,24 hour,Diurnal,Invertebrate,No,No,No,None,Wetland,Uncertain,,1,Pectoral Sandpiper,Calidris melanotos
Asian Dowitcher,Limnodromus semipalmatus,asidow1,Charadriiformes,Scolopacidae (Sandpipers and Allies),Near Threatened,Schedule-IV,,Appendix II,NA,NA,NA,NA,Diurnal,Diurnal,Invertebrate,No,No,No,None,Wetland,Winter Migrant,,1,Asian Dowitcher,Limnodromus semipalmatus
Long-billed Dowitcher,Limnodromus scolopaceus,lobdow,Charadriiformes,Scolopacidae (Sandpipers and Allies),Least Concern,Schedule-IV,,Appendix II,NA,NA,NA,NA,24 hour,24 hour,Invertebrate,No,No,No,None,Wetland,Uncertain,,1,Long-billed Dowitcher,Limnodromus scolopaceus
Jack Snipe,Lymnocryptes minimus,jacsni,Charadriiformes,Scolopacidae (Sandpipers and Allies),Least Concern,Schedule-IV,,Appendix II,NA,NA,NA,NA,24 hour,24 hour,Invertebrate,No,No,No,None,Wetland,Winter Migrant,,,Jack Snipe,Lymnocryptes minimus
Eurasian Woodcock,Scolopax rusticola,eurwoo,Charadriiformes,Scolopacidae (Sandpipers and Allies),Least Concern,Schedule-IV,,Appendix II,NA,NA,NA,NA,24 hour,24 hour,Invertebrate,No,No,No,None,Wooded Habitat,Local Migrant,,,Eurasian Woodcock,Scolopax rusticola
Solitary Snipe,Gallinago solitaria,solsni1,Charadriiformes,Scolopacidae (Sandpipers and Allies),Least Concern,Schedule-IV,,Appendix II,NA,NA,NA,NA,Diurnal,Diurnal,Invertebrate,No,No,No,None,Open Habitat,Winter Migrant,,,Solitary Snipe,Gallinago solitaria
Wood Snipe,Gallinago nemoricola,woosni1,Charadriiformes,Scolopacidae (Sandpipers and Allies),Vulnerable,Schedule-IV,,Appendix II,NA,NA,NA,NA,Diurnal,Diurnal,Invertebrate,No,No,No,None,Grassland and Scrub,Uncertain,,1,Wood Snipe,Gallinago nemoricola
Great Snipe,Gallinago media,gresni1,Charadriiformes,Scolopacidae (Sandpipers and Allies),Near Threatened,Schedule-IV,,Appendix II,NA,NA,NA,NA,24 hour,24 hour,Invertebrate,No,No,No,None,Wetland,Uncertain,,,Great Snipe,Gallinago media
Common Snipe,Gallinago gallinago,comsni,Charadriiformes,Scolopacidae (Sandpipers and Allies),Least Concern,Schedule-IV,,Appendix II,Low,Stable,Uncertain,Large,24 hour,24 hour,Invertebrate,No,No,No,None,Wetland,Winter Migrant,,,Common Snipe,Gallinago gallinago
Pin-tailed Snipe,Gallinago stenura,pitsni,Charadriiformes,Scolopacidae (Sandpipers and Allies),Least Concern,Schedule-IV,,Appendix II,Moderate,Moderate Decline,Uncertain,Moderate,24 hour,24 hour,Invertebrate,No,No,No,None,Wetland,Winter Migrant,,,Pintail Snipe,Gallinago stenura
Swinhoe's Snipe,Gallinago megala,swisni1,Charadriiformes,Scolopacidae (Sandpipers and Allies),Least Concern,Schedule-IV,,Appendix II,NA,NA,NA,NA,24 hour,24 hour,Invertebrate,No,No,No,None,Wetland,Winter Migrant,,,Swinhoe's Snipe,Gallinago megala
Terek Sandpiper,Xenus cinereus,tersan,Charadriiformes,Scolopacidae (Sandpipers and Allies),Least Concern,Schedule-IV,,Appendix II,Low,Data Deficient,Uncertain,Moderate,24 hour,24 hour,Invertebrate,No,No,No,None,Wetland,Winter Migrant,,,Terek Sandpiper,Xenus cinereus
Red-necked Phalarope,Phalaropus lobatus,renpha,Charadriiformes,Scolopacidae (Sandpipers and Allies),Least Concern,Schedule-IV,,Appendix II,NA,NA,NA,NA,Diurnal,Diurnal,Invertebrate,No,No,No,None,Wetland,Winter Migrant,,,Red-necked Phalarope,Phalaropus lobatus
Red Phalarope,Phalaropus fulicarius,redpha1,Charadriiformes,Scolopacidae (Sandpipers and Allies),Least Concern,Schedule-IV,,Appendix II,NA,NA,NA,NA,Diurnal,Diurnal,Invertebrate,No,No,No,None,Wetland,Passage Migrant,,1,Red Phalarope,Phalaropus fulicarius
Common Sandpiper,Actitis hypoleucos,comsan,Charadriiformes,Scolopacidae (Sandpipers and Allies),Least Concern,Schedule-IV,,Appendix II,Moderate,Moderate Decline,Strong Decline,Large,24 hour,24 hour,Omnivore,No,No,No,None,Wetland,Winter Migrant,,,Common Sandpiper,Actitis hypoleucos
Green Sandpiper,Tringa ochropus,grnsan,Charadriiformes,Scolopacidae (Sandpipers and Allies),Least Concern,Schedule-IV,,Appendix II,Moderate,Moderate Decline,Uncertain,Very Large,24 hour,24 hour,Invertebrate,No,No,No,None,Wetland,Winter Migrant,,,Green Sandpiper,Tringa ochropus
Gray-tailed Tattler,Tringa brevipes,gyttat1,Charadriiformes,Scolopacidae (Sandpipers and Allies),Near Threatened,Schedule-IV,,Appendix II,NA,NA,NA,NA,24 hour,24 hour,Invertebrate,No,No,No,None,Wetland,Uncertain,,1,Grey-tailed Tattler,Tringa brevipes
Spotted Redshank,Tringa erythropus,spored,Charadriiformes,Scolopacidae (Sandpipers and Allies),Least Concern,Schedule-IV,,Appendix II,Low,Uncertain,Uncertain,Large,24 hour,24 hour,Invertebrate,No,No,No,None,Wetland,Winter Migrant,,,Spotted Redshank,Tringa erythropus
Common Greenshank,Tringa nebularia,comgre,Charadriiformes,Scolopacidae (Sandpipers and Allies),Least Concern,Schedule-IV,,Appendix II,High,Strong Decline,Moderate Decline,Large,24 hour,24 hour,Invertebrate,No,No,No,None,Wetland,Winter Migrant,,,Common Greenshank,Tringa nebularia
Nordmann's Greenshank,Tringa guttifer,norgre1,Charadriiformes,Scolopacidae (Sandpipers and Allies),Endangered,Schedule-IV,,Appendix II,NA,NA,NA,NA,24 hour,24 hour,Invertebrate,No,No,No,None,Wetland,Winter Migrant,,1,Nordmann's Greenshank,Tringa guttifer
Marsh Sandpiper,Tringa stagnatilis,marsan,Charadriiformes,Scolopacidae (Sandpipers and Allies),Least Concern,Schedule-IV,,Appendix II,Moderate,Moderate Decline,Uncertain,Large,24 hour,24 hour,Invertebrate,No,No,No,None,Wetland,Winter Migrant,,,Marsh Sandpiper,Tringa stagnatilis
Wood Sandpiper,Tringa glareola,woosan,Charadriiformes,Scolopacidae (Sandpipers and Allies),Least Concern,Schedule-IV,,Appendix II,Low,Stable,Moderate Decline,Very Large,24 hour,24 hour,Invertebrate,No,No,No,None,Wetland,Winter Migrant,,,Wood Sandpiper,Tringa glareola
Common Redshank,Tringa totanus,comred1,Charadriiformes,Scolopacidae (Sandpipers and Allies),Least Concern,Schedule-IV,,Appendix II,Moderate,Moderate Decline,Uncertain,Large,24 hour,24 hour,Invertebrate,No,No,No,None,Wetland,Winter Migrant,,,Common Redshank,Tringa totanus
Small Buttonquail,Turnix sylvaticus,smabut2,Charadriiformes,Turnicidae (Buttonquail),Least Concern,Schedule-IV,,,NA,NA,NA,NA,Diurnal,Diurnal,Invertebrate,No,No,No,None,Grassland and Scrub,Local Migrant,1,,Small Buttonquail,Turnix sylvaticus
Yellow-legged Buttonquail,Turnix tanki,yelbut1,Charadriiformes,Turnicidae (Buttonquail),Least Concern,Schedule-IV,,,Moderate,Data Deficient,Data Deficient,Moderate,Diurnal,Diurnal,Plant & Seed,No,No,No,None,None,Resident & Local Migrant ,1,,Yellow-legged Buttonquail,Turnix tanki
Barred Buttonquail,Turnix suscitator,barbut1,Charadriiformes,Turnicidae (Buttonquail),Least Concern,Schedule-IV,,,Low,Uncertain,Uncertain,Large,24 hour,Diurnal,Plant & Seed,No,No,No,None,Grassland and Scrub,Resident,,,Barred Buttonquail,Turnix suscitator
Crab-Plover,Dromas ardeola,craplo1,Charadriiformes,Dromadidae (Crab-Plover),Least Concern,Schedule-IV,,Appendix II,NA,NA,NA,NA,24 hour,24 hour,Invertebrate,No,No,No,None,Wetland,Winter Migrant,,,Crab-plover,Dromas ardeola
Cream-colored Courser,Cursorius cursor,crccou1,Charadriiformes,Glareolidae (Pratincoles and Coursers),Least Concern,Schedule-IV,,,NA,NA,NA,NA,Diurnal,Diurnal,Invertebrate,No,No,No,None,Grassland,Resident,,,Cream-coloured Courser,Cursorius cursor
Indian Courser,Cursorius coromandelicus,indcou1,Charadriiformes,Glareolidae (Pratincoles and Coursers),Least Concern,Schedule-IV,,,Moderate,Moderate Decline,Strong Decline,Large,Diurnal,Diurnal,Invertebrate,No,Yes,No,Indian Subcontinent,Grassland,Resident,,,Indian Courser,Cursorius coromandelicus
Jerdon's Courser,Rhinoptilus bitorquatus,jercou1,Charadriiformes,Glareolidae (Pratincoles and Coursers),Critically Endangered,Schedule-I,,,High,Data Deficient,Data Deficient,Data Deficient,Nocturnal,Nocturnal,Invertebrate,Yes,Yes,No,Southern Deccan Plateau,Scrub,Uncertain,,,Jerdon's Courser,Rhinoptilus bitorquatus
Collared Pratincole,Glareola pratincola,colpra,Charadriiformes,Glareolidae (Pratincoles and Coursers),Least Concern,Schedule-IV,,Appendix II,NA,NA,NA,NA,24 hour,24 hour,Invertebrate,No,No,No,None,Open Habitat,Winter Migrant & Localized Summer Migrant,,,Collared Pratincole,Glareola pratincola
Oriental Pratincole,Glareola maldivarum,oripra,Charadriiformes,Glareolidae (Pratincoles and Coursers),Least Concern,Schedule-IV,,,Moderate,Data Deficient,Uncertain,Restricted,Diurnal,Diurnal,Invertebrate,No,No,No,None,Wetland,Summer Migrant & Localized Winter Migrant,,,Oriental Pratincole,Glareola maldivarum
Small Pratincole,Glareola lactea,smapra1,Charadriiformes,Glareolidae (Pratincoles and Coursers),Least Concern,Schedule-IV,,,Moderate,Strong Decline,Uncertain,Large,Diurnal,Diurnal,Invertebrate,No,No,No,None,Wetland,Resident,,,Small Pratincole,Glareola lactea
South Polar Skua,Stercorarius maccormicki,sopsku1,Charadriiformes,Stercorariidae (Skuas and Jaegers),Least Concern,Schedule-IV,,Appendix II,NA,NA,NA,NA,Diurnal,Diurnal,Vertebrate & Carrion,No,No,No,None,Wetland,Summer Migrant,,1,South Polar Skua,Stercorarius maccormicki
Brown Skua,Stercorarius antarcticus,brnsku3,Charadriiformes,Stercorariidae (Skuas and Jaegers),Least Concern,Schedule-IV,,Appendix II,NA,NA,NA,NA,Diurnal,Diurnal,Vertebrate & Carrion,No,No,No,None,Wetland,Summer Migrant,,1,Brown Skua,Stercorarius antarcticus
Pomarine Jaeger,Stercorarius pomarinus,pomjae,Charadriiformes,Stercorariidae (Skuas and Jaegers),Least Concern,Schedule-IV,,Appendix II,NA,NA,NA,NA,Diurnal,Diurnal,Vertebrate & Carrion,No,No,No,None,Wetland,Winter Migrant,,,Pomarine Skua,Stercorarius pomarinus
Parasitic Jaeger,Stercorarius parasiticus,parjae,Charadriiformes,Stercorariidae (Skuas and Jaegers),Least Concern,Schedule-IV,,Appendix II,NA,NA,NA,NA,Diurnal,Diurnal,Vertebrate & Carrion,No,No,No,None,Wetland,Winter Migrant,,,Arctic Skua,Stercorarius parasiticus
Long-tailed Jaeger,Stercorarius longicaudus,lotjae,Charadriiformes,Stercorariidae (Skuas and Jaegers),Least Concern,Schedule-IV,,Appendix II,NA,NA,NA,NA,Diurnal,Diurnal,Vertebrate & Carrion,No,No,No,None,Wetland,Passage Migrant,,,Long-tailed Skua,Stercorarius longicaudus
Black-legged Kittiwake,Rissa tridactyla,bklkit,Charadriiformes,"Laridae (Gulls, Terns, and Skimmers)",Vulnerable,Schedule-IV,,,NA,NA,NA,NA,24 hour,Diurnal,Omnivore,No,No,No,None,Wetland,Uncertain,,1,Black-legged Kittiwake,Rissa tridactyla
Sabine's Gull,Xema sabini,sabgul,Charadriiformes,"Laridae (Gulls, Terns, and Skimmers)",Least Concern,Schedule-IV,,,NA,NA,NA,NA,Diurnal,Diurnal,Omnivore,No,No,No,None,Wetland,Uncertain,,1,Sabine's Gull,Xema sabini
Slender-billed Gull,Chroicocephalus genei,slbgul1,Charadriiformes,"Laridae (Gulls, Terns, and Skimmers)",Least Concern,Schedule-IV,,Appendix II,Low,Data Deficient,Uncertain,Moderate,Diurnal,Diurnal,Omnivore,No,No,No,None,Wetland,Resident & Local Migrant,,,Slender-billed Gull,Chroicocephalus genei
Black-headed Gull,Chroicocephalus ridibundus,bkhgul,Charadriiformes,"Laridae (Gulls, Terns, and Skimmers)",Least Concern,Schedule-IV,,,Moderate,Moderate Decline,Uncertain,Large,24 hour,24 hour,Omnivore,No,No,No,None,Wetland,Winter Migrant,,,Black-headed Gull,Chroicocephalus ridibundus
Brown-headed Gull,Chroicocephalus brunnicephalus,bnhgul1,Charadriiformes,"Laridae (Gulls, Terns, and Skimmers)",Least Concern,Schedule-IV,,,Moderate,Strong Decline,Uncertain,Large,Diurnal,Diurnal,Omnivore,No,No,No,None,Wetland,Winter Migrant & Localized Summer Migrant,,,Brown-headed Gull,Chroicocephalus brunnicephalus
Little Gull,Hydrocoloeus minutus,litgul,Charadriiformes,"Laridae (Gulls, Terns, and Skimmers)",Least Concern,Schedule-IV,,,NA,NA,NA,NA,Diurnal,Diurnal,Vertebrate & Carrion,No,No,No,None,Wetland,Uncertain,,1,Little Gull,Hydrocoloeus minutus
Franklin's Gull,Leucophaeus pipixcan,fragul,Charadriiformes,"Laridae (Gulls, Terns, and Skimmers)",Least Concern,Schedule-IV,,,NA,NA,NA,NA,Diurnal,Diurnal,Vertebrate & Carrion,No,No,No,None,Wetland,Uncertain,,1,Franklin's Gull,Leucophaeus pipixcan
White-eyed Gull,Ichthyaetus leucophthalmus,whegul2,Charadriiformes,"Laridae (Gulls, Terns, and Skimmers)",Least Concern,Schedule-IV,,Appendix II,NA,NA,NA,NA,Diurnal,Diurnal,Vertebrate & Carrion,No,No,No,None,Wetland,Uncertain,,1,White-eyed Gull,Ichthyaetus leucophthalmus
Sooty Gull,Ichthyaetus hemprichii,soogul2,Charadriiformes,"Laridae (Gulls, Terns, and Skimmers)",Least Concern,Schedule-IV,,Appendix II,NA,NA,NA,NA,24 hour,Diurnal,Vertebrate & Carrion,No,No,No,None,Wetland,Uncertain,,1,Sooty Gull,Ichthyaetus hemprichii
Pallas's Gull,Ichthyaetus ichthyaetus,gbhgul2,Charadriiformes,"Laridae (Gulls, Terns, and Skimmers)",Least Concern,Schedule-IV,,,Low,Uncertain,Uncertain,Moderate,24 hour,24 hour,Vertebrate & Carrion,No,No,No,None,Wetland,Winter Migrant,,,Pallas's Gull,Ichthyaetus ichthyaetus
Common Gull,Larus canus,mewgul,Charadriiformes,"Laridae (Gulls, Terns, and Skimmers)",Least Concern,Schedule-IV,,,NA,NA,NA,NA,Diurnal,Diurnal,Omnivore,No,No,No,None,Wetland,Uncertain,,1,Mew Gull,Larus canus
Herring Gull,Larus argentatus,hergul,Charadriiformes,"Laridae (Gulls, Terns, and Skimmers)",Least Concern,Schedule-IV,,,NA,NA,NA,NA,24 hour,24 hour,Vertebrate & Carrion,No,No,No,None,Wetland,Uncertain,,1,Mongolian Gull,Larus smithsonianus mongolicus
Caspian Gull,Larus cachinnans,casgul2,Charadriiformes,"Laridae (Gulls, Terns, and Skimmers)",Least Concern,Schedule-IV,,,NA,NA,NA,NA,24 hour,24 hour,Vertebrate & Carrion,No,No,No,None,Wetland,Winter Migrant,,1,Caspian Gull,Larus cachinnans
Lesser Black-backed Gull,Larus fuscus,lbbgul,Charadriiformes,"Laridae (Gulls, Terns, and Skimmers)",Least Concern,Schedule-IV,,,Low,Uncertain,Uncertain,Moderate,24 hour,24 hour,Vertebrate & Carrion,No,No,No,None,Wetland,Winter Migrant,,,Lesser Black-backed Gull,Larus fuscus
Brown Noddy,Anous stolidus,brnnod,Charadriiformes,"Laridae (Gulls, Terns, and Skimmers)",Least Concern,Schedule-IV,,,NA,NA,NA,NA,24 hour,24 hour,Vertebrate & Carrion,No,No,No,None,Wetland,Resident,,,Brown Noddy,Anous stolidus
Black Noddy,Anous minutus,blknod,Charadriiformes,"Laridae (Gulls, Terns, and Skimmers)",Least Concern,Schedule-IV,,Appendix II,NA,NA,NA,NA,24 hour,Diurnal,Vertebrate & Carrion,No,No,No,None,Wetland,Uncertain,,1,Black Noddy,Anous minutus
Lesser Noddy,Anous tenuirostris,lesnod1,Charadriiformes,"Laridae (Gulls, Terns, and Skimmers)",Least Concern,Schedule-IV,,,NA,NA,NA,NA,Diurnal,Diurnal,Vertebrate & Carrion,No,No,No,None,Wetland,Uncertain,,,Lesser Noddy,Anous tenuirostris
White Tern,Gygis alba,whiter,Charadriiformes,"Laridae (Gulls, Terns, and Skimmers)",Least Concern,Schedule-IV,,,NA,NA,NA,NA,Diurnal,Diurnal,Vertebrate & Carrion,No,No,No,None,Wetland,Uncertain,,1,White Tern,Gygis alba
Sooty Tern,Onychoprion fuscatus,sooter1,Charadriiformes,"Laridae (Gulls, Terns, and Skimmers)",Least Concern,Schedule-IV,,,NA,NA,NA,NA,24 hour,24 hour,Vertebrate & Carrion,No,No,No,None,Wetland,Resident & Winter Migrant,,,Sooty Tern,Onychoprion fuscatus
Bridled Tern,Onychoprion anaethetus,briter1,Charadriiformes,"Laridae (Gulls, Terns, and Skimmers)",Least Concern,Schedule-IV,,,NA,NA,NA,NA,24 hour,24 hour,Vertebrate & Carrion,No,No,No,None,Wetland,Resident & Winter Migrant,,,Bridled Tern,Onychoprion anaethetus
Little Tern,Sternula albifrons,litter1,Charadriiformes,"Laridae (Gulls, Terns, and Skimmers)",Least Concern,Schedule-IV,,Appendix II,Moderate,Strong Decline,Uncertain,Moderate,Diurnal,Diurnal,Vertebrate & Carrion,No,No,No,None,Wetland,Resident & Local Migrant,,,Little Tern,Sternula albifrons
Saunders's Tern,Sternula saundersi,sauter2,Charadriiformes,"Laridae (Gulls, Terns, and Skimmers)",Least Concern,Schedule-IV,,Appendix II,NA,NA,NA,NA,Diurnal,Diurnal,Vertebrate & Carrion,No,No,No,None,Wetland,Winter Migrant & Localized Summer Migrant,,,Saunders's Tern,Sternula saundersi
Gull-billed Tern,Gelochelidon nilotica,gubter1,Charadriiformes,"Laridae (Gulls, Terns, and Skimmers)",Least Concern,Schedule-IV,,,High,Strong Decline,Uncertain,Restricted,Diurnal,Diurnal,Vertebrate & Carrion,No,No,No,None,Wetland,Local Migrant,,,Gull-billed Tern,Gelochelidon nilotica
Caspian Tern,Hydroprogne caspia,caster1,Charadriiformes,"Laridae (Gulls, Terns, and Skimmers)",Least Concern,Schedule-IV,,,Moderate,Moderate Decline,Uncertain,Moderate,Diurnal,Diurnal,Vertebrate & Carrion,No,No,No,None,Wetland,Resident & Winter Migrant,,,Caspian Tern,Hydroprogne caspia
Black Tern,Chlidonias niger,blkter,Charadriiformes,"Laridae (Gulls, Terns, and Skimmers)",Least Concern,Schedule-IV,,Appendix II,NA,NA,NA,NA,24 hour,Diurnal,Vertebrate & Carrion,No,No,No,None,Wetland,Uncertain,,1,Black Tern,Chlidonias niger
White-winged Tern,Chlidonias leucopterus,whwter,Charadriiformes,"Laridae (Gulls, Terns, and Skimmers)",Least Concern,Schedule-IV,,,NA,NA,NA,NA,Diurnal,24 hour,Invertebrate,No,No,No,None,Wetland,Winter Migrant,,,White-winged Tern,Chlidonias leucopterus
Whiskered Tern,Chlidonias hybrida,whiter2,Charadriiformes,"Laridae (Gulls, Terns, and Skimmers)",Least Concern,Schedule-IV,,,Moderate,Moderate Decline,Strong Decline,Moderate,Diurnal,Diurnal,Vertebrate & Carrion,No,No,No,None,Wetland,Resident & Local Migrant,,,Whiskered Tern,Chlidonias hybrida
Roseate Tern,Sterna dougallii,roster,Charadriiformes,"Laridae (Gulls, Terns, and Skimmers)",Least Concern,Schedule-IV,,,NA,NA,NA,NA,Diurnal,Diurnal,Vertebrate & Carrion,No,No,No,None,Wetland,Resident & Summer Migrant,,,Roseate Tern,Sterna dougallii
Black-naped Tern,Sterna sumatrana,blnter1,Charadriiformes,"Laridae (Gulls, Terns, and Skimmers)",Least Concern,Schedule-IV,,,NA,NA,NA,NA,Diurnal,Diurnal,Vertebrate & Carrion,No,No,No,None,Wetland,Resident,,,Black-naped Tern,Sterna sumatrana
Common Tern,Sterna hirundo,comter,Charadriiformes,"Laridae (Gulls, Terns, and Skimmers)",Least Concern,Schedule-IV,,,Low,Data Deficient,Uncertain,Moderate,24 hour,Diurnal,Vertebrate & Carrion,No,No,No,None,Wetland,Winter Migrant & Localized Summer Migrant,,,Common Tern,Sterna hirundo
Arctic Tern,Sterna paradisaea,arcter,Charadriiformes,"Laridae (Gulls, Terns, and Skimmers)",Least Concern,Schedule-IV,,,NA,NA,NA,NA,24 hour,Diurnal,Vertebrate & Carrion,No,No,No,None,Wetland,Uncertain,,1,Arctic Tern,Sterna paradisaea
Black-bellied Tern,Sterna acuticauda,blbter1,Charadriiformes,"Laridae (Gulls, Terns, and Skimmers)",Endangered,Schedule-IV,,,High,Data Deficient,Data Deficient,Restricted,Diurnal,Diurnal,Vertebrate & Carrion,No,No,No,None,Wetland,Resident & Local Migrant,1,,Black-bellied Tern,Sterna acuticauda
River Tern,Sterna aurantia,rivter1,Charadriiformes,"Laridae (Gulls, Terns, and Skimmers)",Vulnerable,Schedule-IV,,,Moderate,Moderate Decline,Moderate Decline,Very Large,Diurnal,Diurnal,Omnivore,No,No,No,None,Wetland,Resident,1,,River Tern,Sterna aurantia
White-cheeked Tern,Sterna repressa,whcter1,Charadriiformes,"Laridae (Gulls, Terns, and Skimmers)",Least Concern,Schedule-IV,,Appendix II,NA,NA,NA,NA,Diurnal,Diurnal,Vertebrate & Carrion,No,No,No,None,Wetland,Uncertain,,,White-cheeked Tern,Sterna repressa
Great Crested Tern,Thalasseus bergii,grcter1,Charadriiformes,"Laridae (Gulls, Terns, and Skimmers)",Least Concern,Schedule-IV,,Appendix II,Low,Data Deficient,Strong Increase,Moderate,24 hour,24 hour,Vertebrate & Carrion,No,No,No,None,Wetland,Resident,,,Greater Crested Tern,Thalasseus bergii
Sandwich Tern,Thalasseus sandvicensis,santer1,Charadriiformes,"Laridae (Gulls, Terns, and Skimmers)",Least Concern,Schedule-IV,,Appendix II,NA,NA,NA,NA,Diurnal,Diurnal,Vertebrate & Carrion,No,No,No,None,Wetland,Winter Migrant,,,Sandwich Tern,Thalasseus sandvicensis
Lesser Crested Tern,Thalasseus bengalensis,lecter2,Charadriiformes,"Laridae (Gulls, Terns, and Skimmers)",Least Concern,Schedule-IV,,Appendix II,Low,Data Deficient,Uncertain,Moderate,24 hour,24 hour,Vertebrate & Carrion,No,No,No,None,Wetland,Resident,,,Lesser Crested Tern,Thalasseus bengalensis
Indian Skimmer,Rynchops albicollis,indski1,Charadriiformes,"Laridae (Gulls, Terns, and Skimmers)",Endangered,Schedule-IV,,,High,Data Deficient,Data Deficient,Restricted,24 hour,24 hour,Vertebrate & Carrion,No,No,No,None,Wetland,Resident & Local Migrant,1,,Indian Skimmer,Rynchops albicollis
White-tailed Tropicbird,Phaethon lepturus,whttro,Phaethontiformes,Phaethontidae (Tropicbirds),Least Concern,Schedule-IV,,,NA,NA,NA,NA,Diurnal,Diurnal,Vertebrate & Carrion,No,No,No,None,Wetland,Resident,,1,White-tailed Tropicbird,Phaethon lepturus
Red-billed Tropicbird,Phaethon aethereus,rebtro,Phaethontiformes,Phaethontidae (Tropicbirds),Least Concern,Schedule-IV,,,NA,NA,NA,NA,Diurnal,Diurnal,Vertebrate & Carrion,No,No,No,None,Wetland,Winter Migrant,,1,Red-billed Tropicbird,Phaethon aethereus
Red-tailed Tropicbird,Phaethon rubricauda,rettro,Phaethontiformes,Phaethontidae (Tropicbirds),Least Concern,Schedule-IV,,,NA,NA,NA,NA,Diurnal,Diurnal,Vertebrate & Carrion,No,No,No,None,Wetland,Resident,,1,Red-tailed Tropicbird,Phaethon rubricauda
Red-throated Loon,Gavia stellata,retloo,Gaviiformes,Gaviidae (Loons),Least Concern,Schedule-IV,,Appendix II,NA,NA,NA,NA,Diurnal,Diurnal,Vertebrate & Carrion,No,No,No,None,Wetland,Uncertain,,1,Red-throated Diver,Gavia stellata
Arctic Loon,Gavia arctica,arcloo,Gaviiformes,Gaviidae (Loons),Least Concern,Schedule-IV,,Appendix II,NA,NA,NA,NA,24 hour,Diurnal,Vertebrate & Carrion,No,No,No,None,Wetland,Uncertain,,1,Black-throated Diver,Gavia arctica
Wilson's Storm-Petrel,Oceanites oceanicus,wispet,Procellariiformes,Oceanitidae (Southern Storm-Petrels),Least Concern,Schedule-IV,,,NA,NA,NA,NA,24 hour,Diurnal,Invertebrate,No,No,No,None,Wetland,Summer Migrant,,,Wilson's Storm-petrel,Oceanites oceanicus
White-faced Storm-Petrel,Pelagodroma marina,wfspet,Procellariiformes,Oceanitidae (Southern Storm-Petrels),Least Concern,Schedule-IV,,,NA,NA,NA,NA,24 hour,Diurnal,Invertebrate,No,No,No,None,Wetland,Summer Migrant,,1,White-faced Storm-petrel,Pelagodroma marina
Black-bellied Storm-Petrel,Fregetta tropica,bbspet1,Procellariiformes,Oceanitidae (Southern Storm-Petrels),Least Concern,Schedule-IV,,,NA,NA,NA,NA,24 hour,Diurnal,Omnivore,No,No,No,None,Wetland,Uncertain,,1,Black-bellied Storm-petrel,Fregetta tropica
Swinhoe's Storm-Petrel,Hydrobates monorhis,swspet,Procellariiformes,Hydrobatidae (Northern Storm-Petrels),Near Threatened,Schedule-IV,,,NA,NA,NA,NA,24 hour,Diurnal,Invertebrate,No,No,No,None,Wetland,Winter Migrant,,,Swinhoe's Storm-petrel,Oceanodroma monorhis
Barau's Petrel,Pterodroma baraui,barpet1,Procellariiformes,Procellariidae (Shearwaters and Petrels),Endangered,Schedule-IV,,,NA,NA,NA,NA,24 hour,Diurnal,Invertebrate,No,No,No,None,Wetland,Uncertain,,1,Barau's Petrel,Pterodroma baraui
Jouanin's Petrel,Bulweria fallax,joupet,Procellariiformes,Procellariidae (Shearwaters and Petrels),Near Threatened,Schedule-IV,,,NA,NA,NA,NA,24 hour,Diurnal,Omnivore,No,No,No,None,Wetland,Uncertain,,,Jouanin's Petrel,Bulweria fallax
Streaked Shearwater,Calonectris leucomelas,strshe,Procellariiformes,Procellariidae (Shearwaters and Petrels),Near Threatened,Schedule-IV,,,NA,NA,NA,NA,24 hour,Diurnal,Omnivore,No,No,No,None,Wetland,Winter Migrant,,,Streaked Shearwater,Calonectris leucomelas
Cory's Shearwater,Calonectris diomedea,corshe,Procellariiformes,Procellariidae (Shearwaters and Petrels),Least Concern,Schedule-IV,,,NA,NA,NA,NA,24 hour,Diurnal,Vertebrate & Carrion,No,No,No,None,Wetland,Uncertain,,1,Cory's Shearwater,Calonectris borealis
Flesh-footed Shearwater,Ardenna carneipes,flfshe,Procellariiformes,Procellariidae (Shearwaters and Petrels),Near Threatened,Schedule-IV,,,NA,NA,NA,NA,24 hour,Diurnal,Omnivore,No,No,No,None,Wetland,Summer Migrant,,,Flesh-footed Shearwater,Ardenna carneipes
Wedge-tailed Shearwater,Ardenna pacifica,wetshe,Procellariiformes,Procellariidae (Shearwaters and Petrels),Least Concern,Schedule-IV,,,NA,NA,NA,NA,24 hour,Diurnal,Omnivore,No,No,No,None,Wetland,Uncertain,,,Wedge-tailed Shearwater,Ardenna pacifica
Short-tailed Shearwater,Ardenna tenuirostris,shtshe,Procellariiformes,Procellariidae (Shearwaters and Petrels),Least Concern,Schedule-IV,,,NA,NA,NA,NA,24 hour,Diurnal,Omnivore,No,No,No,None,Wetland,Uncertain,,,Short-tailed Shearwater,Ardenna tenuirostris
Tropical Shearwater,Puffinus bailloni,troshe5,Procellariiformes,Procellariidae (Shearwaters and Petrels),Least Concern,Schedule-IV,,,NA,NA,NA,NA,24 hour,Diurnal,Omnivore,No,No,No,None,Wetland,Uncertain,,1,Tropical Shearwater,Puffinus bailloni
Persian Shearwater,Puffinus persicus,pershe1,Procellariiformes,Procellariidae (Shearwaters and Petrels),Least Concern,Schedule-IV,,,NA,NA,NA,NA,24 hour,Diurnal,Omnivore,No,No,No,None,Wetland,Uncertain,,,Persian Shearwater,Puffinus persicus
Asian Openbill,Anastomus oscitans,asiope1,Ciconiiformes,Ciconiidae (Storks),Least Concern,Schedule-IV,,,Low,Stable,Strong Decline,Very Large,Diurnal,Diurnal,Invertebrate,No,No,No,None,Wetland,Resident,,,Asian Openbill,Anastomus oscitans
Black Stork,Ciconia nigra,blasto1,Ciconiiformes,Ciconiidae (Storks),Least Concern,Schedule-IV,Appendix II,Appendix II,Moderate,Uncertain,Strong Decline,Moderate,Diurnal,Diurnal,Vertebrate & Carrion,No,No,No,None,Wetland,Winter Migrant,,,Black Stork,Ciconia nigra
Woolly-necked Stork,Ciconia episcopus,wonsto1,Ciconiiformes,Ciconiidae (Storks),Near Threatened,Schedule-IV,,,Low,Stable,Moderate Decline,Very Large,Diurnal,Diurnal,Vertebrate & Carrion,No,No,No,None,Open Habitat,Resident,,,Woolly-necked Stork,Ciconia episcopus
White Stork,Ciconia ciconia,whisto1,Ciconiiformes,Ciconiidae (Storks),Least Concern,Schedule-I,,Appendix II,NA,NA,NA,NA,24 hour,24 hour,Vertebrate & Carrion,No,No,No,None,Wetland,Winter Migrant,,,White Stork,Ciconia ciconia
Black-necked Stork,Ephippiorhynchus asiaticus,blnsto1,Ciconiiformes,Ciconiidae (Storks),Near Threatened,Schedule-IV,,,Moderate,Uncertain,Strong Decline,Moderate,24 hour,24 hour,Vertebrate & Carrion,No,No,No,None,Wetland,Resident,1,,Black-necked Stork,Ephippiorhynchus asiaticus
Lesser Adjutant,Leptoptilos javanicus,lesadj1,Ciconiiformes,Ciconiidae (Storks),Vulnerable,Schedule-IV,,,Moderate,Uncertain,Uncertain,Moderate,Diurnal,Diurnal,Vertebrate & Carrion,No,No,No,None,Wetland,Resident,,,Lesser Adjutant,Leptoptilos javanicus
Greater Adjutant,Leptoptilos dubius,greadj1,Ciconiiformes,Ciconiidae (Storks),Endangered,Schedule-IV,,,High,Data Deficient,Data Deficient,Moderate,Diurnal,Diurnal,Vertebrate & Carrion,No,No,No,None,None,Resident,1,,Greater Adjutant,Leptoptilos dubius
Painted Stork,Mycteria leucocephala,paisto1,Ciconiiformes,Ciconiidae (Storks),Near Threatened,Schedule-IV,Appendix I,,Moderate,Uncertain,Uncertain,Very Large,24 hour,24 hour,Vertebrate & Carrion,No,No,No,None,Wetland,Resident,,,Painted Stork,Mycteria leucocephala
Lesser Frigatebird,Fregata ariel,lesfri,Suliformes,Fregatidae (Frigatebirds),Least Concern,Schedule-IV,,,NA,NA,NA,NA,Diurnal,Diurnal,Vertebrate & Carrion,No,No,No,None,Wetland,Uncertain,,1,Lesser Frigatebird,Fregata ariel
Christmas Island Frigatebird,Fregata andrewsi,chifri1,Suliformes,Fregatidae (Frigatebirds),Critically Endangered,Schedule-IV,Appendix I,Appendix I,NA,NA,NA,NA,Diurnal,Diurnal,Vertebrate & Carrion,No,No,No,None,Wetland,Uncertain,,1,Christmas Island Frigatebird,Fregata andrewsi
Great Frigatebird,Fregata minor,grefri,Suliformes,Fregatidae (Frigatebirds),Least Concern,Schedule-IV,,,NA,NA,NA,NA,Diurnal,Diurnal,Vertebrate & Carrion,No,No,No,None,Wetland,Uncertain,,1,Great Frigatebird,Fregata minor
Masked Booby,Sula dactylatra,masboo,Suliformes,Sulidae (Boobies and Gannets),Least Concern,Schedule-IV,,,NA,NA,NA,NA,Diurnal,Diurnal,Vertebrate & Carrion,No,No,No,None,Wetland,Winter Migrant,,,Masked Booby,Sula dactylatra
Brown Booby,Sula leucogaster,brnboo,Suliformes,Sulidae (Boobies and Gannets),Least Concern,Schedule-IV,,,NA,NA,NA,NA,24 hour,24 hour,Vertebrate & Carrion,No,No,No,None,Wetland,Uncertain,,1,Brown Booby,Sula leucogaster
Red-footed Booby,Sula sula,refboo,Suliformes,Sulidae (Boobies and Gannets),Least Concern,Schedule-IV,,,NA,NA,NA,NA,24 hour,24 hour,Omnivore,No,No,No,None,Wetland,Uncertain,,1,Red-footed Booby,Sula sula
Oriental Darter,Anhinga melanogaster,darter2,Suliformes,Anhingidae (Anhingas),Near Threatened,Schedule-IV,,,Low,Uncertain,Moderate Decline,Very Large,Diurnal,Diurnal,Vertebrate & Carrion,No,No,No,None,Wetland,Resident,,,Oriental Darter,Anhinga melanogaster
Little Cormorant,Microcarbo niger,litcor1,Suliformes,Phalacrocoracidae (Cormorants and Shags),Least Concern,Schedule-IV,,,Low,Stable,Strong Decline,Very Large,Diurnal,Diurnal,Vertebrate & Carrion,No,No,No,None,Wetland,Resident,,,Little Cormorant,Microcarbo niger
Great Cormorant,Phalacrocorax carbo,grecor,Suliformes,Phalacrocoracidae (Cormorants and Shags),Least Concern,Schedule-IV,,,Low,Stable,Uncertain,Moderate,Diurnal,Diurnal,Vertebrate & Carrion,No,No,No,None,Wetland,Resident & Winter Migrant,,,Great Cormorant,Phalacrocorax carbo
Indian Cormorant,Phalacrocorax fuscicollis,indcor1,Suliformes,Phalacrocoracidae (Cormorants and Shags),Least Concern,Schedule-IV,,,Low,Moderate Increase,Strong Decline,Very Large,Diurnal,Diurnal,Vertebrate & Carrion,No,No,No,None,Wetland,Resident,,,Indian Cormorant,Phalacrocorax fuscicollis
Great White Pelican,Pelecanus onocrotalus,grwpel1,Pelecaniformes,Pelecanidae (Pelicans),Least Concern,Schedule-IV,,,Low,Uncertain,Uncertain,Moderate,24 hour,24 hour,Vertebrate & Carrion,No,No,No,None,Wetland,Winter Migrant,,,Great White Pelican,Pelecanus onocrotalus
Spot-billed Pelican,Pelecanus philippensis,spbpel1,Pelecaniformes,Pelecanidae (Pelicans),Near Threatened,Schedule-IV,,,Moderate,Uncertain,Uncertain,Moderate,24 hour,24 hour,Vertebrate & Carrion,No,No,No,None,Wetland,Resident,,,Spot-billed Pelican,Pelecanus philippensis
Dalmatian Pelican,Pelecanus crispus,dalpel1,Pelecaniformes,Pelecanidae (Pelicans),Near Threatened,Schedule-IV,,,Moderate,Data Deficient,Uncertain,Moderate,24 hour,24 hour,Vertebrate & Carrion,No,No,No,None,Wetland,Winter Migrant,,,Dalmatian Pelican,Pelecanus crispus
Great Bittern,Botaurus stellaris,grebit1,Pelecaniformes,"Ardeidae (Herons, Egrets, and Bitterns)",Least Concern,Schedule-IV,,,NA,NA,NA,NA,24 hour,Diurnal,Vertebrate & Carrion,No,No,No,None,Wetland,Winter Migrant,,,Great Bittern,Botaurus stellaris
Yellow Bittern,Ixobrychus sinensis,yelbit,Pelecaniformes,"Ardeidae (Herons, Egrets, and Bitterns)",Least Concern,Schedule-IV,,,Low,Uncertain,Uncertain,Moderate,24 hour,24 hour,Invertebrate,No,No,No,None,Wetland,Resident & Local Migrant,,,Yellow Bittern,Ixobrychus sinensis
Little Bittern,Ixobrychus minutus,litbit1,Pelecaniformes,"Ardeidae (Herons, Egrets, and Bitterns)",Least Concern,Schedule-IV,,,NA,NA,NA,NA,24 hour,24 hour,Invertebrate,No,No,No,None,Wetland,Summer Migrant & Localized Winter Migrant,,,Little Bittern,Ixobrychus minutus
Cinnamon Bittern,Ixobrychus cinnamomeus,cinbit1,Pelecaniformes,"Ardeidae (Herons, Egrets, and Bitterns)",Least Concern,Schedule-IV,,,High,Strong Decline,Strong Decline,Moderate,24 hour,24 hour,Vertebrate & Carrion,No,No,No,None,Wetland,Resident & Local Migrant,,,Cinnamon Bittern,Ixobrychus cinnamomeus
Black Bittern,Ixobrychus flavicollis,blabit1,Pelecaniformes,"Ardeidae (Herons, Egrets, and Bitterns)",Least Concern,Schedule-IV,,,Moderate,Uncertain,Strong Decline,Moderate,24 hour,24 hour,Vertebrate & Carrion,No,No,No,None,Wetland,Resident & Local Migrant,,,Black Bittern,Ixobrychus flavicollis
Gray Heron,Ardea cinerea,graher1,Pelecaniformes,"Ardeidae (Herons, Egrets, and Bitterns)",Least Concern,Schedule-IV,,,Low,Stable,Uncertain,Very Large,24 hour,24 hour,Vertebrate & Carrion,No,No,No,None,Wetland,Resident,,,Grey Heron,Ardea cinerea
White-bellied Heron,Ardea insignis,whbher2,Pelecaniformes,"Ardeidae (Herons, Egrets, and Bitterns)",Critically Endangered,Schedule-I,,,High,Data Deficient,Data Deficient,Very Restricted,Diurnal,Diurnal,Vertebrate & Carrion,No,No,No,None,Wetland,Resident,1,,White-bellied Heron,Ardea insignis
Goliath Heron,Ardea goliath,golher1,Pelecaniformes,"Ardeidae (Herons, Egrets, and Bitterns)",Least Concern,Schedule-IV,,,NA,NA,NA,NA,24 hour,24 hour,Vertebrate & Carrion,No,No,No,None,Wetland,Uncertain,,1,Goliath Heron,Ardea goliath
Purple Heron,Ardea purpurea,purher1,Pelecaniformes,"Ardeidae (Herons, Egrets, and Bitterns)",Least Concern,Schedule-IV,,,Low,Stable,Strong Decline,Very Large,24 hour,24 hour,Vertebrate & Carrion,No,No,No,None,Wetland,Resident,,,Purple Heron,Ardea purpurea
Great Egret,Ardea alba,greegr,Pelecaniformes,"Ardeidae (Herons, Egrets, and Bitterns)",Least Concern,Schedule-IV,,,Low,Stable,Strong Decline,Very Large,Diurnal,Diurnal,Invertebrate,No,No,No,None,Wetland,Resident,,,Great Egret,Ardea alba
Intermediate Egret,Ardea intermedia,integr,Pelecaniformes,"Ardeidae (Herons, Egrets, and Bitterns)",Least Concern,Schedule-IV,,,Low,Stable,Strong Decline,Very Large,Diurnal,Diurnal,Invertebrate,No,No,No,None,Wetland,Resident,,,Intermediate Egret,Ardea intermedia
Chinese Egret,Egretta eulophotes,chiegr,Pelecaniformes,"Ardeidae (Herons, Egrets, and Bitterns)",Vulnerable,Schedule-IV,,,NA,NA,NA,NA,No information,No information,Invertebrate,No,No,No,None,Wetland,Winter Migrant,,,Chinese Egret,Egretta eulophotes
Little Egret,Egretta garzetta,litegr,Pelecaniformes,"Ardeidae (Herons, Egrets, and Bitterns)",Least Concern,Schedule-IV,,,Low,Stable,Strong Decline,Very Large,Diurnal,Diurnal,Invertebrate,No,No,No,None,Wetland,Resident,,,Little Egret,Egretta garzetta
Western Reef-Heron,Egretta gularis,werher,Pelecaniformes,"Ardeidae (Herons, Egrets, and Bitterns)",Least Concern,Schedule-IV,,,Low,Uncertain,Uncertain,Moderate,24 hour,24 hour,Invertebrate,No,No,No,None,Wetland,Resident & Winter Migrant,,,Western Reef Egret,Egretta gularis
Pacific Reef-Heron,Egretta sacra,pacreh1,Pelecaniformes,"Ardeidae (Herons, Egrets, and Bitterns)",Least Concern,Schedule-IV,,,NA,NA,NA,NA,24 hour,24 hour,Omnivore,No,No,No,None,Wetland,Resident,,,Pacific Reef Egret,Egretta sacra
Cattle Egret,Bubulcus ibis,categr,Pelecaniformes,"Ardeidae (Herons, Egrets, and Bitterns)",Least Concern,Schedule-IV,,,Low,Stable,Strong Decline,Very Large,24 hour,24 hour,Invertebrate,No,No,No,None,Wetland,Resident,,,Cattle Egret,Bubulcus ibis
Indian Pond-Heron,Ardeola grayii,inpher1,Pelecaniformes,"Ardeidae (Herons, Egrets, and Bitterns)",Least Concern,Schedule-IV,,,Low,Stable,Moderate Decline,Very Large,24 hour,24 hour,Omnivore,No,No,No,None,None,Resident,,,Indian Pond Heron,Ardeola grayii
Chinese Pond-Heron,Ardeola bacchus,chpher1,Pelecaniformes,"Ardeidae (Herons, Egrets, and Bitterns)",Least Concern,Schedule-IV,,,NA,NA,NA,NA,24 hour,24 hour,Invertebrate,No,No,No,None,Wetland,Resident & Summer Migrant,,,Chinese Pond Heron,Ardeola bacchus
Javan Pond-Heron,Ardeola speciosa,japher1,Pelecaniformes,"Ardeidae (Herons, Egrets, and Bitterns)",Least Concern,Schedule-IV,,,NA,NA,NA,NA,24 hour,24 hour,Invertebrate,No,No,No,None,Wetland,Uncertain,,1,Javan Pond Heron,Ardeola speciosa
Striated Heron,Butorides striata,strher,Pelecaniformes,"Ardeidae (Herons, Egrets, and Bitterns)",Least Concern,Schedule-IV,,,Low,Stable,Uncertain,Large,24 hour,24 hour,Vertebrate & Carrion,No,No,No,None,Wetland,Resident,,,Striated Heron,Butorides striata
Black-crowned Night-Heron,Nycticorax nycticorax,bcnher,Pelecaniformes,"Ardeidae (Herons, Egrets, and Bitterns)",Least Concern,Schedule-IV,,,Low,Stable,Uncertain,Very Large,24 hour,24 hour,Vertebrate & Carrion,No,No,No,None,Wetland,Resident,,,Black-crowned Night Heron,Nycticorax nycticorax
White-eared Night-Heron,Gorsachius magnificus,wenher1,Pelecaniformes,"Ardeidae (Herons, Egrets, and Bitterns)",Endangered,Schedule-IV,,,NA,NA,NA,NA,24 hour,24 hour,Vertebrate & Carrion,No,No,No,None,None,Uncertain,,1,White-eared Night Heron,Gorsachius magnificus
Malayan Night-Heron,Gorsachius melanolophus,manher1,Pelecaniformes,"Ardeidae (Herons, Egrets, and Bitterns)",Least Concern,Schedule-IV,,,Moderate,Data Deficient,Data Deficient,Moderate,24 hour,24 hour,Invertebrate,No,No,No,None,Tropical Forest,Summer Migrant & Localized Winter Migrant,1,,Malayan Night Heron,Gorsachius melanolophus
Glossy Ibis,Plegadis falcinellus,gloibi,Pelecaniformes,Threskiornithidae (Ibises and Spoonbills),Least Concern,Schedule-IV,,Appendix II,Low,Strong Increase,Uncertain,Large,Diurnal,Diurnal,Invertebrate,No,No,No,None,Wetland,Resident,,,Glossy Ibis,Plegadis falcinellus
Black-headed Ibis,Threskiornis melanocephalus,blhibi1,Pelecaniformes,Threskiornithidae (Ibises and Spoonbills),Near Threatened,Schedule-IV,,,Low,Moderate Increase,Uncertain,Very Large,Diurnal,Diurnal,Vertebrate & Carrion,No,No,No,None,Wetland,Resident,,,Black-headed Ibis,Threskiornis melanocephalus
Red-naped Ibis,Pseudibis papillosa,renibi1,Pelecaniformes,Threskiornithidae (Ibises and Spoonbills),Least Concern,Schedule-IV,,,Low,Strong Increase,Uncertain,Very Large,Diurnal,Diurnal,Omnivore,No,Yes,No,Indian Subcontinent,None,Resident,,,Red-naped Ibis,Pseudibis papillosa
Eurasian Spoonbill,Platalea leucorodia,eurspo1,Pelecaniformes,Threskiornithidae (Ibises and Spoonbills),Least Concern,Schedule-I,,Appendix II,Low,Uncertain,Uncertain,Moderate,24 hour,24 hour,Invertebrate,No,No,No,None,Wetland,Resident & Winter Migrant,,,Eurasian Spoonbill,Platalea leucorodia
Osprey,Pandion haliaetus,osprey,Accipitriformes,Pandionidae (Osprey),Least Concern,Schedule-I,Appendix II,Appendix II,Low,Uncertain,Uncertain,Large,Diurnal,Diurnal,Vertebrate & Carrion,No,No,No,None,Wetland,Winter Migrant,,,Osprey,Pandion haliaetus
Black-winged Kite,Elanus caeruleus,bkskit1,Accipitriformes,"Accipitridae (Hawks, Eagles, and Kites)",Least Concern,Schedule-I,Appendix II,Appendix II,Low,Stable,Strong Decline,Very Large,Diurnal,Diurnal,Vertebrate & Carrion,No,No,No,None,Open Habitat,Resident,,,Black-winged Kite,Elanus caeruleus
Bearded Vulture,Gypaetus barbatus,lammer1,Accipitriformes,"Accipitridae (Hawks, Eagles, and Kites)",Near Threatened,Schedule-I,Appendix II,Appendix II,Moderate,Moderate Decline,Moderate Decline,Moderate,Diurnal,Diurnal,Vertebrate & Carrion,No,No,No,None,None,Resident & Altitudinal Migrant,,,Bearded Vulture,Gypaetus barbatus
Egyptian Vulture,Neophron percnopterus,egyvul1,Accipitriformes,"Accipitridae (Hawks, Eagles, and Kites)",Endangered,Schedule-IV,Appendix II,Appendix I,High,Moderate Decline,Strong Decline,Large,Diurnal,Diurnal,Vertebrate & Carrion,No,No,No,None,Grassland and Scrub,Resident,,,Egyptian Vulture,Neophron percnopterus
European Honey-buzzard,Pernis apivorus,euhbuz1,Accipitriformes,"Accipitridae (Hawks, Eagles, and Kites)",Least Concern,Schedule-I,Appendix II,Appendix II,NA,NA,NA,NA,Diurnal,Diurnal,Vertebrate & Carrion,No,No,No,None,None,Uncertain,,,European Honey Buzzard,Pernis apivorus
Oriental Honey-buzzard,Pernis ptilorhynchus,orihob2,Accipitriformes,"Accipitridae (Hawks, Eagles, and Kites)",Least Concern,Schedule-I,Appendix II,Appendix II,Low,Stable,Strong Decline,Very Large,Diurnal,Diurnal,Vertebrate & Carrion,No,No,No,None,Wooded Habitat,Resident & Winter Migrant,,,Oriental Honey Buzzard,Pernis ptilorhynchus
Jerdon's Baza,Aviceda jerdoni,jerbaz1,Accipitriformes,"Accipitridae (Hawks, Eagles, and Kites)",Least Concern,Schedule-I,Appendix II,Appendix II,Moderate,Data Deficient,Data Deficient,Moderate,Diurnal,Diurnal,Invertebrate,No,No,No,None,Tropical Forest,Resident,1,,Jerdon's Baza,Aviceda jerdoni
Black Baza,Aviceda leuphotes,blabaz1,Accipitriformes,"Accipitridae (Hawks, Eagles, and Kites)",Least Concern,Schedule-I,Appendix II,Appendix II,Moderate,Data Deficient,Uncertain,Restricted,Diurnal,Diurnal,Invertebrate,No,No,No,None,Tropical Forest,Local Migrant,,,Black Baza,Aviceda leuphotes
Red-headed Vulture,Sarcogyps calvus,rehvul1,Accipitriformes,"Accipitridae (Hawks, Eagles, and Kites)",Critically Endangered,Schedule-IV,Appendix II,Appendix I,High,Strong Decline,Strong Decline,Moderate,Diurnal,Diurnal,Vertebrate & Carrion,No,No,No,None,Forest,Resident,1,,Red-headed Vulture,Sarcogyps calvus
Cinereous Vulture,Aegypius monachus,cinvul1,Accipitriformes,"Accipitridae (Hawks, Eagles, and Kites)",Near Threatened,Schedule-IV,Appendix II,Appendix I,Moderate,Data Deficient,Moderate Decline,Moderate,Diurnal,Diurnal,Vertebrate & Carrion,No,No,No,None,Grassland and Scrub,Winter Migrant,1,,Cinereous Vulture,Aegypius monachus
White-rumped Vulture,Gyps bengalensis,whrvul1,Accipitriformes,"Accipitridae (Hawks, Eagles, and Kites)",Critically Endangered,Schedule-I,Appendix II,Appendix I,High,Strong Decline,Strong Decline,Moderate,Diurnal,Diurnal,Vertebrate & Carrion,No,No,No,None,None,Resident,1,,White-rumped Vulture,Gyps bengalensis
Indian Vulture,Gyps indicus,indvul1,Accipitriformes,"Accipitridae (Hawks, Eagles, and Kites)",Critically Endangered,Schedule-I,Appendix II,Appendix I,High,Strong Decline,Strong Decline,Moderate,Diurnal,Diurnal,Vertebrate & Carrion,No,Yes,No,Indian Subcontinent,Wooded Habitat,Resident,1,,Indian Vulture,Gyps indicus
Slender-billed Vulture,Gyps tenuirostris,slbvul1,Accipitriformes,"Accipitridae (Hawks, Eagles, and Kites)",Critically Endangered,Schedule-I,Appendix II,Appendix I,High,Data Deficient,Data Deficient,Restricted,Diurnal,Diurnal,Vertebrate & Carrion,No,No,No,None,Open Habitat,Resident,1,,Slender-billed Vulture,Gyps tenuirostris
Himalayan Griffon,Gyps himalayensis,himgri1,Accipitriformes,"Accipitridae (Hawks, Eagles, and Kites)",Near Threatened,Schedule-IV,Appendix II,Appendix II,Moderate,Uncertain,Uncertain,Moderate,Diurnal,Diurnal,Vertebrate & Carrion,No,No,No,None,None,Resident & Winter Migrant,1,,Himalayan Vulture,Gyps himalayensis
Eurasian Griffon,Gyps fulvus,eurgri1,Accipitriformes,"Accipitridae (Hawks, Eagles, and Kites)",Least Concern,Schedule-IV,Appendix II,Appendix II,Moderate,Strong Decline,Uncertain,Moderate,Diurnal,Diurnal,Vertebrate & Carrion,No,No,No,None,Grassland,Winter Migrant,,,Griffon Vulture,Gyps fulvus
Nicobar Serpent-Eagle,Spilornis klossi,nicsee1,Accipitriformes,"Accipitridae (Hawks, Eagles, and Kites)",Near Threatened,Schedule-I,Appendix II,Appendix II,Moderate,Data Deficient,Data Deficient,Restricted,Diurnal,Diurnal,Vertebrate & Carrion,Yes,Yes,No,Nicobar Islands,Tropical Forest,Resident,,,Nicobar Serpent Eagle,Spilornis klossi
Crested Serpent-Eagle,Spilornis cheela,crseag1,Accipitriformes,"Accipitridae (Hawks, Eagles, and Kites)",Least Concern,Schedule-I,Appendix II,Appendix II,Low,Stable,Strong Decline,Very Large,Diurnal,Diurnal,Vertebrate & Carrion,No,No,No,None,Forest,Resident,,,Crested Serpent Eagle,Spilornis cheela
Andaman Serpent-Eagle,Spilornis elgini,anseag1,Accipitriformes,"Accipitridae (Hawks, Eagles, and Kites)",Vulnerable,Schedule-I,Appendix II,Appendix II,High,Data Deficient,Uncertain,Restricted,Diurnal,Diurnal,Vertebrate & Carrion,Yes,Yes,No,Andaman Islands,Tropical Forest,Resident,,,Andaman Serpent Eagle,Spilornis elgini
Short-toed Snake-Eagle,Circaetus gallicus,shteag1,Accipitriformes,"Accipitridae (Hawks, Eagles, and Kites)",Least Concern,Schedule-I,Appendix II,Appendix II,High,Strong Decline,Strong Decline,Very Large,Diurnal,Diurnal,Vertebrate & Carrion,No,No,No,None,Grassland and Scrub,Resident,,,Short-toed Snake Eagle,Circaetus gallicus
Changeable Hawk-Eagle,Nisaetus cirrhatus,y00839,Accipitriformes,"Accipitridae (Hawks, Eagles, and Kites)",Least Concern,Schedule-I,Appendix II,Appendix II,Low,Stable,Moderate Decline,Large,Diurnal,Diurnal,Vertebrate & Carrion,No,No,No,None,Tropical Forest,Resident,,,Changeable Hawk Eagle,Nisaetus cirrhatus
Mountain Hawk-Eagle,Nisaetus nipalensis,mouhae1,Accipitriformes,"Accipitridae (Hawks, Eagles, and Kites)",Least Concern,Schedule-I,Appendix II,Appendix II,NA,NA,NA,NA,Diurnal,Diurnal,Vertebrate & Carrion,No,No,No,None,Forest,Resident,,,Mountain Hawk Eagle,Nisaetus nipalensis
Legge's Hawk-Eagle,Nisaetus kelaarti,mouhae2,Accipitriformes,"Accipitridae (Hawks, Eagles, and Kites)",Not Evaluated,Schedule-I,Appendix II,Appendix II,NA,NA,NA,NA,Diurnal,Diurnal,Vertebrate & Carrion,No,Yes,No,Western Ghats & Sri Lanka,Tropical Forest,Resident,,,Legge's Hawk Eagle,Nisaetus kelaarti
Rufous-bellied Eagle,Lophotriorchis kienerii,rubeag2,Accipitriformes,"Accipitridae (Hawks, Eagles, and Kites)",Near Threatened,Schedule-I,Appendix II,Appendix II,Moderate,Uncertain,Strong Decline,Moderate,Diurnal,Diurnal,Vertebrate & Carrion,No,No,No,None,Tropical Forest,Resident,,,Rufous-bellied Eagle,Lophotriorchis kienerii
Black Eagle,Ictinaetus malaiensis,blaeag1,Accipitriformes,"Accipitridae (Hawks, Eagles, and Kites)",Least Concern,Schedule-I,Appendix II,Appendix II,Low,Stable,Moderate Decline,Large,Diurnal,Diurnal,Vertebrate & Carrion,No,No,No,None,Forest,Resident,,,Black Eagle,Ictinaetus malaiensis
Indian Spotted Eagle,Clanga hastata,inseag1,Accipitriformes,"Accipitridae (Hawks, Eagles, and Kites)",Vulnerable,Schedule-I,Appendix II,Appendix II,Moderate,Uncertain,Uncertain,Large,Diurnal,Diurnal,Vertebrate & Carrion,No,No,No,None,Open Habitat,Resident,,,Indian Spotted Eagle,Clanga hastata
Greater Spotted Eagle,Clanga clanga,grseag1,Accipitriformes,"Accipitridae (Hawks, Eagles, and Kites)",Vulnerable,Schedule-I,Appendix II,Appendix I,Moderate,Uncertain,Uncertain,Large,Diurnal,Diurnal,Vertebrate & Carrion,No,No,No,None,Open Habitat,Winter Migrant,,,Greater Spotted Eagle,Clanga clanga
Booted Eagle,Hieraaetus pennatus,booeag1,Accipitriformes,"Accipitridae (Hawks, Eagles, and Kites)",Least Concern,Schedule-I,Appendix II,Appendix II,Low,Uncertain,Uncertain,Large,Diurnal,Diurnal,Vertebrate & Carrion,No,No,No,None,None,Winter Migrant,,,Booted Eagle,Hieraaetus pennatus
Tawny Eagle,Aquila rapax,taweag1,Accipitriformes,"Accipitridae (Hawks, Eagles, and Kites)",Vulnerable,Schedule-I,Appendix II,Appendix II,High,Strong Decline,Strong Decline,Large,Diurnal,Diurnal,Vertebrate & Carrion,No,No,No,None,Grassland and Scrub,Resident,,,Tawny Eagle,Aquila rapax
Steppe Eagle,Aquila nipalensis,steeag1,Accipitriformes,"Accipitridae (Hawks, Eagles, and Kites)",Endangered,Schedule-I,Appendix II,Appendix I,High,Uncertain,Uncertain,Large,Diurnal,Diurnal,Vertebrate & Carrion,No,No,No,None,None,Winter Migrant,,,Steppe Eagle,Aquila nipalensis
Imperial Eagle,Aquila heliaca,impeag1,Accipitriformes,"Accipitridae (Hawks, Eagles, and Kites)",Vulnerable,Schedule-I,Appendix I,Appendix I,Moderate,Data Deficient,Uncertain,Moderate,Diurnal,Diurnal,Vertebrate & Carrion,No,No,No,None,Grassland,Winter Migrant,,,Eastern Imperial Eagle,Aquila heliaca
Golden Eagle,Aquila chrysaetos,goleag,Accipitriformes,"Accipitridae (Hawks, Eagles, and Kites)",Least Concern,Schedule-I,Appendix II,Appendix II,Moderate,Data Deficient,Strong Decline,Moderate,Diurnal,Diurnal,Vertebrate & Carrion,No,No,No,None,None,Resident & Altitudinal Migrant,,,Golden Eagle,Aquila chrysaetos
Bonelli's Eagle,Aquila fasciata,boneag2,Accipitriformes,"Accipitridae (Hawks, Eagles, and Kites)",Least Concern,Schedule-I,Appendix II,Appendix II,Low,Uncertain,Uncertain,Large,Diurnal,Diurnal,Vertebrate & Carrion,No,No,No,None,None,Resident,,,Bonelli's Eagle,Aquila fasciata
White-eyed Buzzard,Butastur teesa,whebuz1,Accipitriformes,"Accipitridae (Hawks, Eagles, and Kites)",Least Concern,Schedule-I,Appendix II,Appendix II,Moderate,Stable,Strong Decline,Moderate,Diurnal,Diurnal,Vertebrate & Carrion,No,No,No,None,None,Resident & Winter Migrant,,,White-eyed Buzzard,Butastur teesa
Rufous-winged Buzzard,Butastur liventer,ruwbuz1,Accipitriformes,"Accipitridae (Hawks, Eagles, and Kites)",Least Concern,Schedule-I,Appendix II,Appendix II,NA,NA,NA,NA,Diurnal,Diurnal,Vertebrate & Carrion,No,No,No,None,None,Uncertain,,1,Rufous-winged Buzzard,Butastur liventer
Gray-faced Buzzard,Butastur indicus,gyfbuz1,Accipitriformes,"Accipitridae (Hawks, Eagles, and Kites)",Least Concern,Schedule-I,Appendix II,Appendix II,NA,NA,NA,NA,Diurnal,Diurnal,Vertebrate & Carrion,No,No,No,None,None,Uncertain,,1,Grey-faced Buzzard,Butastur indicus
Eurasian Marsh-Harrier,Circus aeruginosus,wemhar1,Accipitriformes,"Accipitridae (Hawks, Eagles, and Kites)",Least Concern,Schedule-I,Appendix II,Appendix II,Low,Stable,Uncertain,Large,Diurnal,Diurnal,Vertebrate & Carrion,No,No,No,None,Open Habitat,Winter Migrant,,,Western Marsh Harrier,Circus aeruginosus
Eastern Marsh-Harrier,Circus spilonotus,easmah1,Accipitriformes,"Accipitridae (Hawks, Eagles, and Kites)",Least Concern,Schedule-I,Appendix II,Appendix II,NA,NA,NA,NA,Diurnal,Diurnal,Vertebrate & Carrion,No,No,No,None,Open Habitat,Winter Migrant,,,Eastern Marsh Harrier,Circus spilonotus
Hen Harrier,Circus cyaneus,norhar1,Accipitriformes,"Accipitridae (Hawks, Eagles, and Kites)",Least Concern,Schedule-I,Appendix II,Appendix II,NA,NA,NA,NA,Diurnal,Diurnal,Vertebrate & Carrion,No,No,No,None,Grassland,Winter Migrant,,,Hen Harrier,Circus cyaneus
Pallid Harrier,Circus macrourus,palhar1,Accipitriformes,"Accipitridae (Hawks, Eagles, and Kites)",Near Threatened,Schedule-I,Appendix II,Appendix II,Moderate,Moderate Decline,Uncertain,Large,Diurnal,Diurnal,Vertebrate & Carrion,No,No,No,None,Grassland,Winter Migrant,,,Pallid Harrier,Circus macrourus
Pied Harrier,Circus melanoleucos,piehar1,Accipitriformes,"Accipitridae (Hawks, Eagles, and Kites)",Least Concern,Schedule-I,Appendix II,Appendix II,NA,NA,NA,NA,Diurnal,Diurnal,Vertebrate & Carrion,No,No,No,None,Open Habitat,Winter Migrant,,,Pied Harrier,Circus melanoleucos
Montagu's Harrier,Circus pygargus,monhar1,Accipitriformes,"Accipitridae (Hawks, Eagles, and Kites)",Least Concern,Schedule-I,Appendix II,Appendix II,Moderate,Moderate Decline,Uncertain,Large,Diurnal,Diurnal,Vertebrate & Carrion,No,No,No,None,Grassland,Winter Migrant,,,Montagu's Harrier,Circus pygargus
Crested Goshawk,Accipiter trivirgatus,cregos1,Accipitriformes,"Accipitridae (Hawks, Eagles, and Kites)",Least Concern,Schedule-I,Appendix II,Appendix II,Low,Uncertain,Uncertain,Large,Diurnal,Diurnal,Vertebrate & Carrion,No,No,No,None,Forest,Resident,,,Crested Goshawk,Accipiter trivirgatus
Shikra,Accipiter badius,shikra1,Accipitriformes,"Accipitridae (Hawks, Eagles, and Kites)",Least Concern,Schedule-I,Appendix II,Appendix II,Low,Stable,Stable,Very Large,Diurnal,Diurnal,Vertebrate & Carrion,No,No,No,None,None,Resident,,,Shikra,Accipiter badius
Nicobar Sparrowhawk,Accipiter butleri,nicspa1,Accipitriformes,"Accipitridae (Hawks, Eagles, and Kites)",Vulnerable,Schedule-I,Appendix II,Appendix II,High,Data Deficient,Data Deficient,Restricted,Diurnal,Diurnal,Vertebrate & Carrion,Yes,Yes,No,Nicobar Islands,Tropical Forest,Resident,,,Nicobar Sparrowhawk,Accipiter butleri
Chinese Sparrowhawk,Accipiter soloensis,grfhaw1,Accipitriformes,"Accipitridae (Hawks, Eagles, and Kites)",Least Concern,Schedule-I,Appendix II,Appendix II,NA,NA,NA,NA,Diurnal,Diurnal,Vertebrate & Carrion,No,No,No,None,None,Winter Migrant,,,Chinese Sparrowhawk,Accipiter soloensis
Japanese Sparrowhawk,Accipiter gularis,japspa1,Accipitriformes,"Accipitridae (Hawks, Eagles, and Kites)",Least Concern,Schedule-I,Appendix II,Appendix II,NA,NA,NA,NA,Diurnal,Diurnal,Vertebrate & Carrion,No,No,No,None,None,Winter Migrant,,,Japanese Sparrowhawk,Accipiter gularis
Besra,Accipiter virgatus,besra1,Accipitriformes,"Accipitridae (Hawks, Eagles, and Kites)",Least Concern,Schedule-I,Appendix II,Appendix II,Moderate,Data Deficient,Data Deficient,Moderate,Diurnal,Diurnal,Vertebrate & Carrion,No,No,No,None,Forest,Resident,,,Besra,Accipiter virgatus
Eurasian Sparrowhawk,Accipiter nisus,eurspa1,Accipitriformes,"Accipitridae (Hawks, Eagles, and Kites)",Least Concern,Schedule-I,Appendix II,Appendix II,Moderate,Moderate Decline,Uncertain,Moderate,Diurnal,Diurnal,Vertebrate & Carrion,No,No,No,None,None,Resident & Local Migrant,,,Eurasian Sparrowhawk,Accipiter nisus
Northern Goshawk,Accipiter gentilis,norgos,Accipitriformes,"Accipitridae (Hawks, Eagles, and Kites)",Least Concern,Schedule-I,Appendix II,Appendix II,NA,NA,NA,NA,Diurnal,Diurnal,Vertebrate & Carrion,No,No,No,None,Temperate Forest,Resident & Winter Migrant,,,Northern Goshawk,Accipiter gentilis
Red Kite,Milvus milvus,redkit1,Accipitriformes,"Accipitridae (Hawks, Eagles, and Kites)",Least Concern,Schedule-I,Appendix II,Appendix II,NA,NA,NA,NA,Diurnal,Diurnal,Vertebrate & Carrion,No,No,No,None,None,Uncertain,,1,Red Kite,Milvus milvus
Black Kite,Milvus migrans,blakit1,Accipitriformes,"Accipitridae (Hawks, Eagles, and Kites)",Least Concern,Schedule-I,Appendix II,Appendix II,Low,Stable,Uncertain,Large,Diurnal,Diurnal,Vertebrate & Carrion,No,No,No,None,None,Resident & Winter Migrant,,,Black Kite,Milvus migrans
Brahminy Kite,Haliastur indus,brakit1,Accipitriformes,"Accipitridae (Hawks, Eagles, and Kites)",Least Concern,Schedule-I,Appendix II,Appendix II,Low,Uncertain,Uncertain,Large,Diurnal,Diurnal,Vertebrate & Carrion,No,No,No,None,Wetland,Resident,,,Brahminy Kite,Haliastur indus
White-tailed Eagle,Haliaeetus albicilla,whteag,Accipitriformes,"Accipitridae (Hawks, Eagles, and Kites)",Least Concern,Schedule-I,Appendix I,Appendix I,NA,NA,NA,NA,Diurnal,Diurnal,Vertebrate & Carrion,No,No,No,None,Wetland,Winter Migrant,,,White-tailed Sea Eagle,Haliaeetus albicilla
Pallas's Fish-Eagle,Haliaeetus leucoryphus,pafeag1,Accipitriformes,"Accipitridae (Hawks, Eagles, and Kites)",Endangered,Schedule-I,Appendix II,Appendix I,High,Uncertain,Uncertain,Very Restricted,Diurnal,Diurnal,Vertebrate & Carrion,No,No,No,None,Wetland,Winter Migrant,1,,Pallas's Fish Eagle,Haliaeetus leucoryphus
White-bellied Sea-Eagle,Haliaeetus leucogaster,wbseag1,Accipitriformes,"Accipitridae (Hawks, Eagles, and Kites)",Least Concern,Schedule-I,Appendix II,Appendix II,Moderate,Strong Decline,Uncertain,Moderate,Diurnal,Diurnal,Vertebrate & Carrion,No,No,No,None,Wetland,Resident,1,,White-bellied Sea Eagle,Haliaeetus leucogaster
Lesser Fish-Eagle,Haliaeetus humilis,lefeag1,Accipitriformes,"Accipitridae (Hawks, Eagles, and Kites)",Near Threatened,Schedule-I,Appendix II,Appendix II,Moderate,Data Deficient,Uncertain,Moderate,Diurnal,Diurnal,Vertebrate & Carrion,No,No,No,None,Wetland,Resident,1,,Lesser Fish Eagle,Haliaeetus humilis
Gray-headed Fish-Eagle,Haliaeetus ichthyaetus,gyhfie1,Accipitriformes,"Accipitridae (Hawks, Eagles, and Kites)",Near Threatened,Schedule-I,Appendix II,Appendix II,Moderate,Uncertain,Uncertain,Moderate,Diurnal,Diurnal,Vertebrate & Carrion,No,No,No,None,Wetland,Resident,,,Grey-headed Fish Eagle,Haliaeetus ichthyaetus
Rough-legged Hawk,Buteo lagopus,rolhaw,Accipitriformes,"Accipitridae (Hawks, Eagles, and Kites)",Least Concern,Schedule-I,Appendix II,Appendix II,NA,NA,NA,NA,Diurnal,Diurnal,Vertebrate & Carrion,No,No,No,None,None,Uncertain,,1,Rough-legged Buzzard,Buteo lagopus
Common Buzzard,Buteo buteo,combuz1,Accipitriformes,"Accipitridae (Hawks, Eagles, and Kites)",Least Concern,Schedule-I,Appendix II,Appendix II,Low,Data Deficient,Uncertain,Moderate,Diurnal,Diurnal,Vertebrate & Carrion,No,No,No,None,Grassland,Winter Migrant,,,Common Buzzard,Buteo buteo
Himalayan Buzzard,Buteo refectus,combuz9,Accipitriformes,"Accipitridae (Hawks, Eagles, and Kites)",Least Concern,Schedule-I,Appendix II,Appendix II,Low,Uncertain,Uncertain,Moderate,Diurnal,Diurnal,Vertebrate & Carrion,No,No,No,None,None,Resident & Winter Migrant,,,Himalayan Buzzard,Buteo refectus
Long-legged Buzzard,Buteo rufinus,lolbuz1,Accipitriformes,"Accipitridae (Hawks, Eagles, and Kites)",Least Concern,Schedule-I,Appendix II,Appendix II,Low,Uncertain,Uncertain,Moderate,Diurnal,Diurnal,Vertebrate & Carrion,No,No,No,None,None,Winter Migrant,,,Long-legged Buzzard,Buteo rufinus
Upland Buzzard,Buteo hemilasius,uplbuz1,Accipitriformes,"Accipitridae (Hawks, Eagles, and Kites)",Least Concern,Schedule-I,Appendix II,Appendix II,NA,NA,NA,NA,Diurnal,Diurnal,Vertebrate & Carrion,No,No,No,None,None,Resident & Altitudinal Migrant,,,Upland Buzzard,Buteo hemilasius
Australasian Grass-Owl,Tyto longimembris,ausgro1,Strigiformes,Tytonidae (Barn-Owls),Least Concern,Schedule-IV,Appendix II,,NA,NA,NA,NA,Nocturnal,Nocturnal,Vertebrate & Carrion,No,No,No,None,Grassland,Resident,,,Eastern Grass Owl,Tyto longimembris
Barn Owl,Tyto alba,brnowl,Strigiformes,Tytonidae (Barn-Owls),Least Concern,Schedule-IV,Appendix II,,NA,NA,NA,NA,Nocturnal,Nocturnal,Vertebrate & Carrion,No,No,No,None,None,Resident,,,Common Barn Owl,Tyto alba
Andaman Masked-Owl,Tyto deroepstorffi,barowl5,Strigiformes,Tytonidae (Barn-Owls),Least Concern,Schedule-IV,Appendix II,,NA,NA,NA,NA,Nocturnal,Nocturnal,Vertebrate & Carrion,Yes,Yes,No,Andaman Islands,None,Resident,,,Andaman Barn Owl,Tyto deroepstorffi
Oriental Bay-Owl,Phodilus badius,orbowl1,Strigiformes,Tytonidae (Barn-Owls),Least Concern,Schedule-IV,Appendix II,,NA,NA,NA,NA,Nocturnal,Nocturnal,Vertebrate & Carrion,No,No,No,None,Tropical Forest,Resident,1,,Oriental Bay Owl,Phodilus badius
Sri Lanka Bay-Owl,Phodilus assimilis,srlbao1,Strigiformes,Tytonidae (Barn-Owls),Least Concern,Schedule-IV,Appendix II,,NA,NA,NA,NA,Nocturnal,Nocturnal,Vertebrate & Carrion,No,Yes,No,Western Ghats & Sri Lanka,Tropical Forest,Resident,,,Sri Lanka Bay Owl,Phodilus assimilis
Andaman Scops-Owl,Otus balli,ansowl1,Strigiformes,Strigidae (Owls),Least Concern,Schedule-IV,Appendix II,,NA,NA,NA,NA,Nocturnal,Nocturnal,Invertebrate,Yes,Yes,No,Andaman Islands,Tropical Forest,Resident,,,Andaman Scops Owl,Otus balli
Mountain Scops-Owl,Otus spilocephalus,mosowl2,Strigiformes,Strigidae (Owls),Least Concern,Schedule-IV,Appendix II,,NA,NA,NA,NA,Nocturnal,Nocturnal,Invertebrate,No,No,No,None,Forest,Resident & Altitudinal Migrant,,,Mountain Scops Owl,Otus spilocephalus
Indian Scops-Owl,Otus bakkamoena,insowl1,Strigiformes,Strigidae (Owls),Least Concern,Schedule-IV,Appendix II,,NA,NA,NA,NA,Nocturnal,Nocturnal,Invertebrate,No,Yes,No,Indian Subcontinent,Wooded Habitat,Resident,,,Indian Scops Owl,Otus bakkamoena
Collared Scops-Owl,Otus lettia,cosowl1,Strigiformes,Strigidae (Owls),Least Concern,Schedule-IV,Appendix II,,NA,NA,NA,NA,Nocturnal,Nocturnal,Invertebrate,No,No,No,None,Wooded Habitat,Resident & Altitudinal Migrant,,,Collared Scops Owl,Otus lettia
Nicobar Scops-Owl,Otus alius,nicsco1,Strigiformes,Strigidae (Owls),Near Threatened,Schedule-IV,Appendix II,,NA,NA,NA,NA,Nocturnal,Nocturnal,Omnivore,Yes,Yes,No,Nicobar Islands,Tropical Forest,Resident,,,Nicobar Scops Owl,Otus alius
Eurasian Scops-Owl,Otus scops,eursco1,Strigiformes,Strigidae (Owls),Least Concern,Schedule-IV,Appendix II,,NA,NA,NA,NA,Nocturnal,Nocturnal,Invertebrate,No,No,No,None,Wooded Habitat,Winter Migrant,,1,Eurasian Scops Owl,Otus scops
Pallid Scops-Owl,Otus brucei,pasowl3,Strigiformes,Strigidae (Owls),Least Concern,Schedule-IV,Appendix II,,NA,NA,NA,NA,Nocturnal,Nocturnal,Invertebrate,No,No,No,None,Wooded Habitat,Winter Migrant,,,Pallid Scops Owl,Otus brucei
Oriental Scops-Owl,Otus sunia,orsowl,Strigiformes,Strigidae (Owls),Least Concern,Schedule-IV,Appendix II,,NA,NA,NA,NA,Nocturnal,Nocturnal,Invertebrate,No,No,No,None,Wooded Habitat,Resident,,,Oriental Scops Owl,Otus sunia
Eurasian Eagle-Owl,Bubo bubo,eueowl1,Strigiformes,Strigidae (Owls),Least Concern,Schedule-IV,Appendix II,,NA,NA,NA,NA,Nocturnal,Nocturnal,Vertebrate & Carrion,No,No,No,None,None,Resident,,,Eurasian Eagle Owl,Bubo bubo
Rock Eagle-Owl,Bubo bengalensis,roeowl1,Strigiformes,Strigidae (Owls),Least Concern,Schedule-IV,Appendix II,,NA,NA,NA,NA,Nocturnal,Nocturnal,Vertebrate & Carrion,No,Yes,No,Indian Subcontinent,None,Resident,,,Indian Eagle Owl,Bubo bengalensis
Spot-bellied Eagle-Owl,Bubo nipalensis,sbeowl1,Strigiformes,Strigidae (Owls),Least Concern,Schedule-IV,Appendix II,,NA,NA,NA,NA,Nocturnal,Nocturnal,Vertebrate & Carrion,No,No,No,None,Forest,Resident,,,Spot-bellied Eagle Owl,Bubo nipalensis
Dusky Eagle-Owl,Bubo coromandus,dueowl1,Strigiformes,Strigidae (Owls),Least Concern,Schedule-IV,Appendix II,,Moderate,Data Deficient,Data Deficient,Moderate,24 hour,24 hour,Vertebrate & Carrion,No,No,No,None,None,Resident,,,Dusky Eagle Owl,Bubo coromandus
Brown Fish-Owl,Ketupa zeylonensis,brfowl1,Strigiformes,Strigidae (Owls),Least Concern,Schedule-IV,Appendix II,,Low,Stable,Moderate Decline,Large,24 hour,24 hour,Vertebrate & Carrion,No,No,No,None,None,Resident,,,Brown Fish Owl,Ketupa zeylonensis
Tawny Fish-Owl,Ketupa flavipes,tafowl1,Strigiformes,Strigidae (Owls),Least Concern,Schedule-IV,Appendix II,,NA,NA,NA,NA,Nocturnal,Nocturnal,Vertebrate & Carrion,No,No,No,None,None,Resident,,,Tawny Fish Owl,Ketupa flavipes
Buffy Fish-Owl,Ketupa ketupu,bufowl2,Strigiformes,Strigidae (Owls),Least Concern,Schedule-IV,Appendix II,,NA,NA,NA,NA,Nocturnal,Nocturnal,Vertebrate & Carrion,No,No,No,None,None,Resident,,1,Buffy Fish Owl,Ketupa ketupu
Asian Barred Owlet,Glaucidium cuculoides,asbowl1,Strigiformes,Strigidae (Owls),Least Concern,Schedule-IV,Appendix II,,Low,Uncertain,Uncertain,Large,Diurnal,Diurnal,Invertebrate,No,No,No,None,None,Resident,,,Asian Barred Owlet,Glaucidium cuculoides
Jungle Owlet,Glaucidium radiatum,junowl1,Strigiformes,Strigidae (Owls),Least Concern,Schedule-IV,Appendix II,,Low,Uncertain,Uncertain,Large,24 hour,Diurnal,Invertebrate,No,Yes,No,Indian Subcontinent,Wooded Habitat,Resident,,,Jungle Owlet,Glaucidium radiatum
Collared Owlet,Taenioptynx brodiei,colowl1,Strigiformes,Strigidae (Owls),Least Concern,Schedule-IV,Appendix II,,Low,Uncertain,Uncertain,Moderate,Diurnal,Diurnal,Vertebrate & Carrion,No,No,No,None,Temperate Forest,Resident & Altitudinal Migrant,,,Collared Owlet,Taenioptynx brodiei
Spotted Owlet,Athene brama,spoowl1,Strigiformes,Strigidae (Owls),Least Concern,Schedule-IV,Appendix II,,NA,NA,NA,NA,Nocturnal,Nocturnal,Invertebrate,No,No,No,None,None,Resident,,,Spotted Owlet,Athene brama
Little Owl,Athene noctua,litowl1,Strigiformes,Strigidae (Owls),Least Concern,Schedule-IV,Appendix II,,NA,NA,NA,NA,24 hour,Diurnal,Invertebrate,No,No,No,None,None,Resident,,,Little Owl,Athene noctua
Forest Owlet,Athene blewitti,forowl1,Strigiformes,Strigidae (Owls),Endangered,Schedule-I,Appendix I,,High,Data Deficient,Data Deficient,Restricted,Diurnal,Diurnal,Invertebrate,Yes,Yes,No,Central India,Scrub,Resident,,,Forest Owlet,Athene blewitti
Mottled Wood-Owl,Strix ocellata,mowowl1,Strigiformes,Strigidae (Owls),Least Concern,Schedule-IV,Appendix II,,NA,NA,NA,NA,Nocturnal,Nocturnal,Vertebrate & Carrion,No,Yes,No,Mainland India,Wooded Habitat,Resident,,,Mottled Wood Owl,Strix ocellata
Brown Wood-Owl,Strix leptogrammica,brwowl1,Strigiformes,Strigidae (Owls),Least Concern,Schedule-IV,Appendix II,,NA,NA,NA,NA,Nocturnal,Nocturnal,Vertebrate & Carrion,No,No,No,None,Tropical Forest,Resident,,,Brown Wood Owl,Strix leptogrammica
Tawny Owl,Strix aluco,tawowl1,Strigiformes,Strigidae (Owls),Least Concern,Schedule-IV,Appendix II,,NA,NA,NA,NA,Nocturnal,Nocturnal,Vertebrate & Carrion,No,No,No,None,Temperate Forest,Resident & Altitudinal Migrant,,1,Tawny Owl,Strix aluco
Himalayan Owl,Strix nivicolum,himowl1,Strigiformes,Strigidae (Owls),Least Concern,Schedule-IV,Appendix II,,NA,NA,NA,NA,Nocturnal,Nocturnal,Vertebrate & Carrion,No,No,No,None,Temperate Forest,Resident & Altitudinal Migrant,,,Himalayan Owl,Strix nivicolum
Long-eared Owl,Asio otus,loeowl,Strigiformes,Strigidae (Owls),Least Concern,Schedule-IV,Appendix II,,NA,NA,NA,NA,Nocturnal,Nocturnal,Vertebrate & Carrion,No,No,No,None,None,Passage Migrant & Localized Summer Migrant,,1,Northern Long-eared Owl,Asio otus
Short-eared Owl,Asio flammeus,sheowl,Strigiformes,Strigidae (Owls),Least Concern,Schedule-IV,Appendix II,,Low,Data Deficient,Uncertain,Moderate,24 hour,24 hour,Vertebrate & Carrion,No,No,No,None,Grassland and Scrub,Winter Migrant,,,Short-eared Owl,Asio flammeus
Boreal Owl,Aegolius funereus,borowl,Strigiformes,Strigidae (Owls),Least Concern,Schedule-IV,Appendix II,,NA,NA,NA,NA,Nocturnal,Nocturnal,Vertebrate & Carrion,No,No,No,None,Temperate Forest,Resident,,1,Boreal Owl,Aegolius funereus
Andaman Boobook,Ninox affinis,andhao1,Strigiformes,Strigidae (Owls),Least Concern,Schedule-IV,Appendix II,,NA,NA,NA,NA,Nocturnal,Nocturnal,Invertebrate,Yes,Yes,No,Andaman Islands,Tropical Forest,Resident,,,Andaman Hawk Owl,Ninox affinis
Brown Boobook,Ninox scutulata,brnhao1,Strigiformes,Strigidae (Owls),Least Concern,Schedule-IV,Appendix II,,NA,NA,NA,NA,Nocturnal,Nocturnal,Invertebrate,No,No,No,None,Wooded Habitat,Resident,,,Brown Hawk Owl,Ninox scutulata
Hume's Boobook,Ninox obscura,brnhao3,Strigiformes,Strigidae (Owls),Least Concern,Schedule-IV,Appendix II,,NA,NA,NA,NA,Nocturnal,Nocturnal,Invertebrate,Yes,Yes,No,Andaman Islands,None,Resident,,1,Hume's Hawk Owl,Ninox obscura
Malabar Trogon,Harpactes fasciatus,maltro1,Trogoniformes,Trogonidae (Trogons),Least Concern,Schedule-IV,,,Moderate,Moderate Decline,Uncertain,Moderate,Diurnal,Diurnal,Invertebrate,No,Yes,No,Indian Subcontinent,Tropical Forest,Resident,,,Malabar Trogon,Harpactes fasciatus
Red-headed Trogon,Harpactes erythrocephalus,rehtro1,Trogoniformes,Trogonidae (Trogons),Least Concern,Schedule-IV,,,Low,Data Deficient,Uncertain,Moderate,Diurnal,Diurnal,Invertebrate,No,No,No,None,Forest,Resident,1,,Red-headed Trogon,Harpactes erythrocephalus
Ward's Trogon,Harpactes wardi,wartro1,Trogoniformes,Trogonidae (Trogons),Near Threatened,Schedule-IV,,,High,Data Deficient,Data Deficient,Very Restricted,Diurnal,Diurnal,Invertebrate,No,No,Yes,Eastern Himalayas,Temperate Forest,Resident,1,,Ward's Trogon,Harpactes wardi
Eurasian Hoopoe,Upupa epops,hoopoe,Bucerotiformes,Upupidae (Hoopoes),Least Concern,Schedule-IV,,,Moderate,Moderate Decline,Uncertain,Large,Diurnal,Diurnal,Invertebrate,No,No,No,None,Grassland,Resident & Local Migrant,,,Common Hoopoe,Upupa epops
Great Hornbill,Buceros bicornis,grehor1,Bucerotiformes,Bucerotidae (Hornbills),Vulnerable,Schedule-I,Appendix I,,Moderate,Uncertain,Uncertain,Moderate,Diurnal,Diurnal,Fruit & Nect,No,No,No,None,Tropical Forest,Resident,1,,Great Hornbill,Buceros bicornis
Brown Hornbill,Anorrhinus austeni,brnhor1,Bucerotiformes,Bucerotidae (Hornbills),Near Threatened,Schedule-I,Appendix II,,High,Data Deficient,Data Deficient,Very Restricted,Diurnal,Diurnal,Fruit & Nect,No,No,No,None,Tropical Forest,Resident,1,,Austen's Brown Hornbill,Anorrhinus austeni
Indian Gray Hornbill,Ocyceros birostris,inghor2,Bucerotiformes,Bucerotidae (Hornbills),Least Concern,Schedule-IV,,,Low,Uncertain,Uncertain,Very Large,Diurnal,Diurnal,Fruit & Nect,No,Yes,No,Indian Subcontinent,None,Resident,,,Indian Grey Hornbill,Ocyceros birostris
Malabar Gray Hornbill,Ocyceros griseus,maghor2,Bucerotiformes,Bucerotidae (Hornbills),Vulnerable,Schedule-IV,,,Moderate,Moderate Decline,Uncertain,Moderate,Diurnal,Diurnal,Fruit & Nect,Yes,Yes,No,Western Ghats,Wooded Habitat,Resident,,,Malabar Grey Hornbill,Ocyceros griseus
Malabar Pied-Hornbill,Anthracoceros coronatus,maphor1,Bucerotiformes,Bucerotidae (Hornbills),Near Threatened,Schedule-I,Appendix II,,Moderate,Uncertain,Moderate Decline,Moderate,Diurnal,Diurnal,Fruit & Nect,No,Yes,No,Indian Subcontinent,Wooded Habitat,Resident,,,Malabar Pied Hornbill,Anthracoceros coronatus
Oriental Pied-Hornbill,Anthracoceros albirostris,orphor1,Bucerotiformes,Bucerotidae (Hornbills),Least Concern,Schedule-I,Appendix II,,Low,Uncertain,Uncertain,Moderate,Diurnal,Diurnal,Fruit & Nect,No,No,No,None,Wooded Habitat,Resident,,,Oriental Pied Hornbill,Anthracoceros albirostris
Rufous-necked Hornbill,Aceros nipalensis,runhor1,Bucerotiformes,Bucerotidae (Hornbills),Vulnerable,Schedule-I,Appendix I,,High,Data Deficient,Uncertain,Restricted,Diurnal,Diurnal,Fruit & Nect,No,No,No,None,Forest,Resident,1,,Rufous-necked Hornbill,Aceros nipalensis
Wreathed Hornbill,Rhyticeros undulatus,wrehor1,Bucerotiformes,Bucerotidae (Hornbills),Vulnerable,Schedule-I,Appendix II,,High,Data Deficient,Data Deficient,Restricted,Diurnal,Diurnal,Fruit & Nect,No,No,No,None,Forest,Resident,,,Wreathed Hornbill,Rhyticeros undulatus
Narcondam Hornbill,Rhyticeros narcondami,narhor1,Bucerotiformes,Bucerotidae (Hornbills),Vulnerable,Schedule-I,Appendix II,,High,Data Deficient,Data Deficient,Restricted,Diurnal,Diurnal,Fruit & Nect,Yes,Yes,No,Andaman Islands,Tropical Forest,Resident,,,Narcondam Hornbill,Rhyticeros narcondami
Blyth's Kingfisher,Alcedo hercules,blykin1,Coraciiformes,Alcedinidae (Kingfishers),Near Threatened,Schedule-IV,,,NA,NA,NA,NA,Diurnal,Diurnal,Vertebrate & Carrion,No,No,No,None,Tropical Forest,Resident,,,Blyth's Kingfisher,Alcedo hercules
Common Kingfisher,Alcedo atthis,comkin1,Coraciiformes,Alcedinidae (Kingfishers),Least Concern,Schedule-IV,,,Low,Stable,Strong Decline,Very Large,Diurnal,Diurnal,Vertebrate & Carrion,No,No,No,None,Wetland,Resident,,,Common Kingfisher,Alcedo atthis
Blue-eared Kingfisher,Alcedo meninting,blekin1,Coraciiformes,Alcedinidae (Kingfishers),Least Concern,Schedule-IV,,,Low,Data Deficient,Uncertain,Moderate,Diurnal,Diurnal,Vertebrate & Carrion,No,No,No,None,Tropical Forest,Resident,,,Blue-eared Kingfisher,Alcedo meninting
Black-backed Dwarf-Kingfisher,Ceyx erithaca,bkbkin1,Coraciiformes,Alcedinidae (Kingfishers),Least Concern,Schedule-IV,,,Moderate,Data Deficient,Uncertain,Restricted,Diurnal,Diurnal,Invertebrate,No,No,No,None,Tropical Forest,Resident & Local Migrant,,,Oriental Dwarf Kingfisher,Ceyx erithaca
Rufous-backed Dwarf-Kingfisher,Ceyx rufidorsa,rubkin1,Coraciiformes,Alcedinidae (Kingfishers),Least Concern,Schedule-IV,,,Moderate,Data Deficient,Uncertain,Restricted,Diurnal,Diurnal,Invertebrate,No,No,No,None,Wetland,Uncertain,,1,Oriental Dwarf Kingfisher,Ceyx erithaca
Brown-winged Kingfisher,Pelargopsis amauroptera,bnwkin1,Coraciiformes,Alcedinidae (Kingfishers),Near Threatened,Schedule-IV,,,NA,NA,NA,NA,Diurnal,Diurnal,Omnivore,No,No,No,None,Wetland,Resident,,,Brown-winged Kingfisher,Pelargopsis amauroptera
Stork-billed Kingfisher,Pelargopsis capensis,stbkin1,Coraciiformes,Alcedinidae (Kingfishers),Least Concern,Schedule-IV,,,Low,Uncertain,Uncertain,Large,Diurnal,Diurnal,Vertebrate & Carrion,No,No,No,None,Wetland,Resident,,,Stork-billed Kingfisher,Pelargopsis capensis
Ruddy Kingfisher,Halcyon coromanda,rudkin1,Coraciiformes,Alcedinidae (Kingfishers),Least Concern,Schedule-IV,,,NA,NA,NA,NA,Diurnal,Diurnal,Omnivore,No,No,No,None,None,Resident & Summer Migrant,,,Ruddy Kingfisher,Halcyon coromanda
White-throated Kingfisher,Halcyon smyrnensis,whtkin2,Coraciiformes,Alcedinidae (Kingfishers),Least Concern,Schedule-IV,,,Low,Stable,Moderate Decline,Very Large,Diurnal,Diurnal,Vertebrate & Carrion,No,No,No,None,None,Resident,,,White-throated Kingfisher,Halcyon smyrnensis
Black-capped Kingfisher,Halcyon pileata,blckin1,Coraciiformes,Alcedinidae (Kingfishers),Least Concern,Schedule-IV,,,Moderate,Strong Decline,Uncertain,Moderate,Diurnal,Diurnal,Invertebrate,No,No,No,None,Wetland,Winter Migrant,1,,Black-capped Kingfisher,Halcyon pileata
Collared Kingfisher,Todiramphus chloris,colkin1,Coraciiformes,Alcedinidae (Kingfishers),Least Concern,Schedule-IV,,,Moderate,Data Deficient,Uncertain,Restricted,Diurnal,Diurnal,Invertebrate,No,No,No,None,None,Resident,,,Collared Kingfisher,Todiramphus chloris
Crested Kingfisher,Megaceryle lugubris,crekin1,Coraciiformes,Alcedinidae (Kingfishers),Least Concern,Schedule-IV,,,Low,Uncertain,Uncertain,Moderate,Diurnal,Diurnal,Omnivore,No,No,No,None,Wetland,Resident & Altitudinal Migrant,,,Crested Kingfisher,Megaceryle lugubris
Pied Kingfisher,Ceryle rudis,piekin1,Coraciiformes,Alcedinidae (Kingfishers),Least Concern,Schedule-IV,,,Moderate,Moderate Decline,Strong Decline,Very Large,Diurnal,Diurnal,Vertebrate & Carrion,No,No,No,None,Wetland,Resident,,,Pied Kingfisher,Ceryle rudis
Blue-bearded Bee-eater,Nyctyornis athertoni,bbbeat1,Coraciiformes,Meropidae (Bee-eaters),Least Concern,Schedule-IV,,,Low,Uncertain,Uncertain,Large,Diurnal,Diurnal,Invertebrate,No,No,No,None,Forest,Resident,,,Blue-bearded Bee-eater,Nyctyornis athertoni
Green Bee-eater,Merops orientalis,grbeat1,Coraciiformes,Meropidae (Bee-eaters),Least Concern,Schedule-IV,,,Low,Stable,Moderate Decline,Very Large,Diurnal,Diurnal,Invertebrate,No,No,No,None,None,Resident,,,Green Bee-eater,Merops orientalis
Blue-throated Bee-eater,Merops viridis,btbeat2,Coraciiformes,Meropidae (Bee-eaters),Least Concern,Schedule-IV,,,NA,NA,NA,NA,Diurnal,Diurnal,Invertebrate,No,No,No,None,None,Uncertain,,1,Blue-throated Bee-eater,Merops viridis
Blue-cheeked Bee-eater,Merops persicus,bcbeat1,Coraciiformes,Meropidae (Bee-eaters),Least Concern,Schedule-IV,,,Low,Data Deficient,Uncertain,Moderate,Diurnal,Diurnal,Invertebrate,No,No,No,None,Grassland and Scrub,Summer Migrant,,,Blue-cheeked Bee-eater,Merops persicus
Blue-tailed Bee-eater,Merops philippinus,btbeat1,Coraciiformes,Meropidae (Bee-eaters),Least Concern,Schedule-IV,,,Low,Uncertain,Uncertain,Large,Diurnal,Diurnal,Invertebrate,No,No,No,None,Open Habitat,Resident & Local Migrant,,,Blue-tailed Bee-eater,Merops philippinus
European Bee-eater,Merops apiaster,eubeat1,Coraciiformes,Meropidae (Bee-eaters),Least Concern,Schedule-IV,,Appendix II,NA,NA,NA,NA,Diurnal,Diurnal,Invertebrate,No,No,No,None,Open Habitat,Winter Migrant & Localized Summer Migrant,,,European Bee-eater,Merops apiaster
Chestnut-headed Bee-eater,Merops leschenaulti,chbeat1,Coraciiformes,Meropidae (Bee-eaters),Least Concern,Schedule-IV,,,Low,Uncertain,Uncertain,Moderate,Diurnal,Diurnal,Invertebrate,No,No,No,None,Forest,Resident & Local Migrant,,,Chestnut-headed Bee-eater,Merops leschenaulti
European Roller,Coracias garrulus,eurrol1,Coraciiformes,Coraciidae (Rollers),Least Concern,Schedule-IV,,Appendix I,Low,Data Deficient,Uncertain,Large,Diurnal,Diurnal,Invertebrate,No,No,No,None,Grassland,Passage Migrant & Localized Summer Migrant,,,European Roller,Coracias garrulus
Indian Roller,Coracias benghalensis,indrol2,Coraciiformes,Coraciidae (Rollers),Least Concern,Schedule-IV,,,Low,Stable,Strong Decline,Very Large,Diurnal,Diurnal,Omnivore,No,No,No,None,Grassland and Scrub,Resident,,,Indian Roller,Coracias benghalensis
Indochinese Roller,Coracias affinis,indrol3,Coraciiformes,Coraciidae (Rollers),Least Concern,Schedule-IV,,,NA,NA,NA,NA,Diurnal,Diurnal,Omnivore,No,No,No,None,Grassland and Scrub,Resident & Winter Migrant,,,Indochinese Roller,Coracias affinis
Dollarbird,Eurystomus orientalis,dollar1,Coraciiformes,Coraciidae (Rollers),Least Concern,Schedule-IV,,,Low,Uncertain,Uncertain,Moderate,Diurnal,Diurnal,Invertebrate,No,No,No,None,Tropical Forest,Resident,,,Dollarbird,Eurystomus orientalis
Malabar Barbet,Psilopogon malabaricus,crfbar1,Piciformes,Megalaimidae (Asian Barbets),Least Concern,Schedule-IV,,,Moderate,Moderate Decline,Uncertain,Moderate,Diurnal,Diurnal,Fruit & Nect,Yes,Yes,No,Western Ghats,Tropical Forest,Resident,,,Malabar Barbet,Psilopogon malabaricus
Coppersmith Barbet,Psilopogon haemacephalus,copbar1,Piciformes,Megalaimidae (Asian Barbets),Least Concern,Schedule-IV,,,Low,Stable,Uncertain,Very Large,Diurnal,Diurnal,Fruit & Nect,No,No,No,None,Wooded Habitat,Resident,,,Coppersmith Barbet,Psilopogon haemacephalus
Blue-eared Barbet,Psilopogon duvaucelii,blebar1,Piciformes,Megalaimidae (Asian Barbets),Least Concern,Schedule-IV,,,Low,Data Deficient,Uncertain,Moderate,Diurnal,Diurnal,Fruit & Nect,No,No,No,None,Tropical Forest,Resident,,,Blue-eared Barbet,Psilopogon duvaucelii
Great Barbet,Psilopogon virens,grebar1,Piciformes,Megalaimidae (Asian Barbets),Least Concern,Schedule-IV,,,Low,Uncertain,Uncertain,Moderate,Diurnal,Diurnal,Fruit & Nect,No,No,No,None,Forest,Resident & Altitudinal Migrant,,,Great Barbet,Psilopogon virens
Lineated Barbet,Psilopogon lineatus,linbar1,Piciformes,Megalaimidae (Asian Barbets),Least Concern,Schedule-IV,,,Low,Uncertain,Uncertain,Moderate,Diurnal,Diurnal,Fruit & Nect,No,No,No,None,Wooded Habitat,Resident,,,Lineated Barbet,Psilopogon lineatus
Brown-headed Barbet,Psilopogon zeylanicus,brhbar1,Piciformes,Megalaimidae (Asian Barbets),Least Concern,Schedule-IV,,,Low,Uncertain,Uncertain,Large,Diurnal,Diurnal,Fruit & Nect,No,Yes,No,Indian Subcontinent,None,Resident,,,Brown-headed Barbet,Psilopogon zeylanicus
White-cheeked Barbet,Psilopogon viridis,whcbar1,Piciformes,Megalaimidae (Asian Barbets),Least Concern,Schedule-IV,,,Low,Uncertain,Uncertain,Large,Diurnal,Diurnal,Fruit & Nect,Yes,Yes,No,Mainland India,None,Resident,,,White-cheeked Barbet,Psilopogon viridis
Golden-throated Barbet,Psilopogon franklinii,gotbar2,Piciformes,Megalaimidae (Asian Barbets),Least Concern,Schedule-IV,,,Moderate,Data Deficient,Strong Decline,Moderate,Diurnal,Diurnal,Fruit & Nect,No,No,No,None,Forest,Resident,,,Golden-throated Barbet,Psilopogon franklinii
Blue-throated Barbet,Psilopogon asiaticus,bltbar2,Piciformes,Megalaimidae (Asian Barbets),Least Concern,Schedule-IV,,,Low,Uncertain,Uncertain,Large,Diurnal,Diurnal,Fruit & Nect,No,No,No,None,Wooded Habitat,Resident,,,Blue-throated Barbet,Psilopogon asiaticus
Yellow-rumped Honeyguide,Indicator xanthonotus,yerhon1,Piciformes,Indicatoridae (Honeyguides),Near Threatened,Schedule-IV,,,Moderate,Data Deficient,Data Deficient,Restricted,Diurnal,Diurnal,Invertebrate,No,No,Yes,Himalayas,Temperate Forest,Resident & Altitudinal Migrant,,,Yellow-rumped Honeyguide,Indicator xanthonotus
Eurasian Wryneck,Jynx torquilla,eurwry,Piciformes,Picidae (Woodpeckers),Least Concern,Schedule-IV,,,Low,Uncertain,Uncertain,Large,Diurnal,Diurnal,Invertebrate,No,No,No,None,None,Winter Migrant & Localized Summer Migrant,,,Eurasian Wryneck,Jynx torquilla
Speckled Piculet,Picumnus innominatus,spepic1,Piciformes,Picidae (Woodpeckers),Least Concern,Schedule-IV,,,Low,Uncertain,Uncertain,Large,Diurnal,Diurnal,Invertebrate,No,No,No,None,Forest,Resident,,,Speckled Piculet,Picumnus innominatus
White-browed Piculet,Sasia ochracea,whbpic3,Piciformes,Picidae (Woodpeckers),Least Concern,Schedule-IV,,,Low,Data Deficient,Uncertain,Moderate,Diurnal,Diurnal,Invertebrate,No,No,No,None,Forest,Resident,,,White-browed Piculet,Sasia ochracea
Heart-spotted Woodpecker,Hemicircus canente,heswoo1,Piciformes,Picidae (Woodpeckers),Least Concern,Schedule-IV,,,High,Strong Decline,Strong Decline,Moderate,Diurnal,Diurnal,Invertebrate,No,No,No,None,Tropical Forest,Resident,,,Heart-spotted Woodpecker,Hemicircus canente
Brown-capped Pygmy Woodpecker,Yungipicus nanus,bncwoo3,Piciformes,Picidae (Woodpeckers),Least Concern,Schedule-IV,,,Moderate,Moderate Decline,Uncertain,Large,Diurnal,Diurnal,Invertebrate,No,Yes,No,Indian Subcontinent,Wooded Habitat,Resident,,,Brown-capped Pygmy Woodpecker,Yungipicus nanus
Gray-capped Pygmy Woodpecker,Yungipicus canicapillus,gycwoo1,Piciformes,Picidae (Woodpeckers),Least Concern,Schedule-IV,,,Moderate,Uncertain,Moderate Decline,Moderate,Diurnal,Diurnal,Invertebrate,No,No,No,None,Wooded Habitat,Resident & Altitudinal Migrant,,,Grey-capped Pygmy Woodpecker,Yungipicus canicapillus
Yellow-crowned Woodpecker,Leiopicus mahrattensis,yecwoo1,Piciformes,Picidae (Woodpeckers),Least Concern,Schedule-IV,,,High,Strong Decline,Moderate Decline,Large,Diurnal,Diurnal,Invertebrate,No,No,No,None,Wooded Habitat,Resident,,,Yellow-crowned Woodpecker,Leiopicus mahrattensis
Brown-fronted Woodpecker,Dendrocoptes auriceps,brfwoo1,Piciformes,Picidae (Woodpeckers),Least Concern,Schedule-IV,,,Low,Uncertain,Uncertain,Moderate,Diurnal,Diurnal,Invertebrate,No,No,Yes,Himalayas,Wooded Habitat,Resident & Altitudinal Migrant,,,Brown-fronted Woodpecker,Dendrocoptes auriceps
Rufous-bellied Woodpecker,Dendrocopos hyperythrus,rubwoo1,Piciformes,Picidae (Woodpeckers),Least Concern,Schedule-IV,,,Low,Data Deficient,Uncertain,Moderate,Diurnal,Diurnal,Invertebrate,No,No,No,None,Temperate Forest,Resident & Altitudinal Migrant,,,Rufous-bellied Woodpecker,Dendrocopos hyperythrus
Fulvous-breasted Woodpecker,Dendrocopos macei,fubwoo2,Piciformes,Picidae (Woodpeckers),Least Concern,Schedule-IV,,,Low,Uncertain,Uncertain,Large,Diurnal,Diurnal,Invertebrate,No,No,No,None,Forest,Resident,,,Fulvous-breasted Woodpecker,Dendrocopos macei
Freckle-breasted Woodpecker,Dendrocopos analis,frbwoo1,Piciformes,Picidae (Woodpeckers),Least Concern,Schedule-IV,,,NA,NA,NA,NA,Diurnal,Diurnal,Invertebrate,No,No,No,None,Wooded Habitat,Resident,,,Freckle-breasted Woodpecker,Dendrocopos analis
Stripe-breasted Woodpecker,Dendrocopos atratus,stbwoo4,Piciformes,Picidae (Woodpeckers),Least Concern,Schedule-IV,,,NA,NA,NA,NA,Diurnal,Diurnal,Invertebrate,No,No,No,None,Forest,Resident,,1,Stripe-breasted Woodpecker,Dendrocopos atratus
Darjeeling Woodpecker,Dendrocopos darjellensis,darwoo1,Piciformes,Picidae (Woodpeckers),Least Concern,Schedule-IV,,,Moderate,Data Deficient,Data Deficient,Restricted,Diurnal,Diurnal,Invertebrate,No,No,No,None,Temperate Forest,Resident,1,,Darjeeling Woodpecker,Dendrocopos darjellensis
Great Spotted Woodpecker,Dendrocopos major,grswoo,Piciformes,Picidae (Woodpeckers),Least Concern,Schedule-IV,,,NA,NA,NA,NA,Diurnal,Diurnal,Omnivore,No,No,No,None,Temperate Forest,Resident,,1,Great Spotted Woodpecker,Dendrocopos major
Himalayan Woodpecker,Dendrocopos himalayensis,himwoo1,Piciformes,Picidae (Woodpeckers),Least Concern,Schedule-IV,,,Low,Uncertain,Uncertain,Moderate,Diurnal,Diurnal,Invertebrate,No,No,Yes,Himalayas,Temperate Forest,Resident & Altitudinal Migrant,,,Himalayan Woodpecker,Dendrocopos himalayensis
Sind Woodpecker,Dendrocopos assimilis,sinwoo1,Piciformes,Picidae (Woodpeckers),Least Concern,Schedule-IV,,,NA,NA,NA,NA,Diurnal,Diurnal,Invertebrate,No,No,No,None,Wooded Habitat,Resident,,1,Sind Woodpecker,Dendrocopos assimilis
Crimson-breasted Woodpecker,Dryobates cathpharius,crbwoo3,Piciformes,Picidae (Woodpeckers),Least Concern,Schedule-IV,,,NA,NA,NA,NA,Diurnal,Diurnal,Invertebrate,No,No,No,None,Forest,Resident,,,Crimson-breasted Woodpecker,Dryobates cathpharius
Bay Woodpecker,Blythipicus pyrrhotis,baywoo1,Piciformes,Picidae (Woodpeckers),Least Concern,Schedule-IV,,,Low,Data Deficient,Uncertain,Moderate,Diurnal,Diurnal,Invertebrate,No,No,No,None,Forest,Resident & Altitudinal Migrant,,,Bay Woodpecker,Blythipicus pyrrhotis
Greater Flameback,Chrysocolaptes guttacristatus,grefla1,Piciformes,Picidae (Woodpeckers),Least Concern,Schedule-IV,,,Low,Stable,Uncertain,Large,Diurnal,Diurnal,Invertebrate,No,No,No,None,Tropical Forest,Resident,,,Greater Flameback,Chrysocolaptes guttacristatus
White-naped Woodpecker,Chrysocolaptes festivus,whnwoo1,Piciformes,Picidae (Woodpeckers),Least Concern,Schedule-IV,,,Low,Stable,Uncertain,Large,Diurnal,Diurnal,Invertebrate,No,Yes,No,Indian Subcontinent,Scrub,Resident,,,White-naped Woodpecker,Chrysocolaptes festivus
Rufous Woodpecker,Micropternus brachyurus,rufwoo2,Piciformes,Picidae (Woodpeckers),Least Concern,Schedule-IV,,,Low,Stable,Uncertain,Large,Diurnal,Diurnal,Invertebrate,No,No,No,None,Wooded Habitat,Resident,,,Rufous Woodpecker,Micropternus brachyurus
Pale-headed Woodpecker,Gecinulus grantia,pahwoo1,Piciformes,Picidae (Woodpeckers),Least Concern,Schedule-IV,,,Moderate,Data Deficient,Data Deficient,Moderate,Diurnal,Diurnal,Invertebrate,No,No,No,None,Tropical Forest,Resident,,,Pale-headed Woodpecker,Gecinulus grantia
Himalayan Flameback,Dinopium shorii,himfla1,Piciformes,Picidae (Woodpeckers),Least Concern,Schedule-IV,,,Moderate,Moderate Decline,Uncertain,Moderate,Diurnal,Diurnal,Invertebrate,No,No,Yes,Himalayas,Tropical Forest,Resident,,,Himalayan Flameback,Dinopium shorii
Common Flameback,Dinopium javanense,comfla1,Piciformes,Picidae (Woodpeckers),Least Concern,Schedule-IV,,,Moderate,Data Deficient,Data Deficient,Moderate,Diurnal,Diurnal,Invertebrate,No,No,No,None,Tropical Forest,Resident,1,,Common Flameback,Dinopium javanense
Black-rumped Flameback,Dinopium benghalense,bkrfla1,Piciformes,Picidae (Woodpeckers),Least Concern,Schedule-IV,,,Low,Stable,Moderate Increase,Very Large,Diurnal,Diurnal,Invertebrate,No,Yes,No,Indian Subcontinent,None,Resident,,,Black-rumped Flameback,Dinopium benghalense
Lesser Yellownape,Picus chlorolophus,lesyel1,Piciformes,Picidae (Woodpeckers),Least Concern,Schedule-IV,,,Low,Uncertain,Uncertain,Large,Diurnal,Diurnal,Invertebrate,No,No,No,None,Wooded Habitat,Resident,,,Lesser Yellownape,Picus chlorolophus
Streak-throated Woodpecker,Picus xanthopygaeus,sttwoo1,Piciformes,Picidae (Woodpeckers),Least Concern,Schedule-IV,,,Low,Uncertain,Uncertain,Large,Diurnal,Diurnal,Invertebrate,No,No,No,None,Wooded Habitat,Resident,,,Streak-throated Woodpecker,Picus xanthopygaeus
Scaly-bellied Woodpecker,Picus squamatus,scbwoo1,Piciformes,Picidae (Woodpeckers),Least Concern,Schedule-IV,,,Low,Data Deficient,Uncertain,Moderate,Diurnal,Diurnal,Invertebrate,No,No,Yes,Himalayas,Wooded Habitat,Resident & Altitudinal Migrant,,,Scaly-bellied Woodpecker,Picus squamatus
Gray-headed Woodpecker,Picus canus,gyfwoo1,Piciformes,Picidae (Woodpeckers),Least Concern,Schedule-IV,,,Low,Uncertain,Uncertain,Moderate,Diurnal,Diurnal,Invertebrate,No,No,No,None,Temperate Forest,Resident,,,Grey-headed Woodpecker,Picus canus
Greater Yellownape,Chrysophlegma flavinucha,greyel1,Piciformes,Picidae (Woodpeckers),Least Concern,Schedule-IV,,,Low,Uncertain,Uncertain,Moderate,Diurnal,Diurnal,Invertebrate,No,No,No,None,Forest,Resident,,,Greater Yellownape,Chrysophlegma flavinucha
Great Slaty Woodpecker,Mulleripicus pulverulentus,grswoo1,Piciformes,Picidae (Woodpeckers),Vulnerable,Schedule-IV,,,High,Data Deficient,Data Deficient,Restricted,Diurnal,Diurnal,Invertebrate,No,No,No,None,Tropical Forest,Resident,1,,Great Slaty Woodpecker,Mulleripicus pulverulentus
White-bellied Woodpecker,Dryocopus javensis,whbwoo2,Piciformes,Picidae (Woodpeckers),Least Concern,Schedule-IV,,,Moderate,Moderate Decline,Uncertain,Moderate,Diurnal,Diurnal,Invertebrate,No,No,No,None,Tropical Forest,Resident,,,White-bellied Woodpecker,Dryocopus javensis
Andaman Woodpecker,Dryocopus hodgei,andwoo1,Piciformes,Picidae (Woodpeckers),Vulnerable,Schedule-IV,,,High,Data Deficient,Data Deficient,Restricted,Diurnal,Diurnal,Invertebrate,Yes,Yes,No,Andaman Islands,Tropical Forest,Resident,,,Andaman Woodpecker,Dryocopus hodgei
Collared Falconet,Microhierax caerulescens,colfal1,Falconiformes,Falconidae (Falcons and Caracaras),Least Concern,Schedule-IV,Appendix II,Appendix II,Moderate,Data Deficient,Data Deficient,Restricted,Diurnal,Diurnal,Invertebrate,No,No,No,None,Forest,Resident,,,Collared Falconet,Microhierax caerulescens
Pied Falconet,Microhierax melanoleucos,piefal2,Falconiformes,Falconidae (Falcons and Caracaras),Least Concern,Schedule-IV,Appendix II,Appendix II,NA,NA,NA,NA,Diurnal,Diurnal,Invertebrate,No,No,No,None,Tropical Forest,Resident,1,,Pied Falconet,Microhierax melanoleucos
Lesser Kestrel,Falco naumanni,leskes1,Falconiformes,Falconidae (Falcons and Caracaras),Least Concern,Schedule-IV,Appendix II,Appendix I,NA,NA,NA,NA,Diurnal,Diurnal,Invertebrate,No,No,No,None,Grassland,Passage Migrant,,,Lesser Kestrel,Falco naumanni
Eurasian Kestrel,Falco tinnunculus,eurkes,Falconiformes,Falconidae (Falcons and Caracaras),Least Concern,Schedule-IV,Appendix II,Appendix II,Moderate,Moderate Decline,Strong Decline,Moderate,Diurnal,Diurnal,Vertebrate & Carrion,No,No,No,None,None,Resident & Local Migrant,,,Common Kestrel,Falco tinnunculus
Red-necked Falcon,Falco chicquera,renfal1,Falconiformes,Falconidae (Falcons and Caracaras),Near Threatened,Schedule-I,Appendix II,Appendix II,High,Strong Decline,Strong Decline,Large,Diurnal,Diurnal,Vertebrate & Carrion,No,No,No,None,Grassland,Resident,,,Red-necked Falcon,Falco chicquera
Red-footed Falcon,Falco vespertinus,reffal1,Falconiformes,Falconidae (Falcons and Caracaras),Near Threatened,Schedule-IV,Appendix II,Appendix I,NA,NA,NA,NA,Diurnal,Diurnal,Invertebrate,No,No,No,None,None,Uncertain,,,Red-footed Falcon,Falco vespertinus
Amur Falcon,Falco amurensis,amufal1,Falconiformes,Falconidae (Falcons and Caracaras),Least Concern,Schedule-IV,Appendix II,Appendix II,Low,Data Deficient,Uncertain,Moderate,Diurnal,Diurnal,Invertebrate,No,No,No,None,Open Habitat,Passage Migrant,,,Amur Falcon,Falco amurensis
Merlin,Falco columbarius,merlin,Falconiformes,Falconidae (Falcons and Caracaras),Least Concern,Schedule-IV,Appendix II,Appendix II,NA,NA,NA,NA,Diurnal,Diurnal,Vertebrate & Carrion,No,No,No,None,Grassland,Winter Migrant,,,Merlin,Falco columbarius
Eurasian Hobby,Falco subbuteo,eurhob,Falconiformes,Falconidae (Falcons and Caracaras),Least Concern,Schedule-IV,Appendix II,Appendix II,Low,Data Deficient,Uncertain,Moderate,Diurnal,Diurnal,Invertebrate,No,No,No,None,None,Winter Migrant & Localized Summer Migrant,,,Eurasian Hobby,Falco subbuteo
Oriental Hobby,Falco severus,orihob1,Falconiformes,Falconidae (Falcons and Caracaras),Least Concern,Schedule-IV,Appendix II,Appendix II,NA,NA,NA,NA,Diurnal,Diurnal,Vertebrate & Carrion,No,No,No,None,Tropical Forest,Resident & Summer Migrant,1,,Oriental Hobby,Falco severus
Laggar Falcon,Falco jugger,lagfal1,Falconiformes,Falconidae (Falcons and Caracaras),Near Threatened,Schedule-I,Appendix I,Appendix II,Moderate,Data Deficient,Uncertain,Moderate,Diurnal,Diurnal,Vertebrate & Carrion,No,No,No,None,Grassland,Resident,1,,Laggar Falcon,Falco jugger
Saker Falcon,Falco cherrug,sakfal1,Falconiformes,Falconidae (Falcons and Caracaras),Endangered,Schedule-I,Appendix II,Appendix I,NA,NA,NA,NA,Diurnal,Diurnal,Vertebrate & Carrion,No,No,No,None,None,Winter Migrant & Localized Summer Migrant,,1,Saker Falcon,Falco cherrug
Peregrine Falcon,Falco peregrinus,perfal,Falconiformes,Falconidae (Falcons and Caracaras),Least Concern,Schedule-I,Appendix I,Appendix II,Low,Stable,Uncertain,Moderate,Diurnal,Diurnal,Vertebrate & Carrion,No,No,No,None,None,Resident & Winter Migrant,,,Peregrine Falcon,Falco peregrinus
Alexandrine Parakeet,Psittacula eupatria,alepar2,Psittaciformes,Psittaculidae (Old World Parrots),Near Threatened,Schedule-IV,Appendix II,,Low,Uncertain,Moderate Increase,Very Large,Diurnal,Diurnal,Fruit & Nect,No,No,No,None,Wooded Habitat,Resident,,,Alexandrine Parakeet,Psittacula eupatria
Rose-ringed Parakeet,Psittacula krameri,rorpar,Psittaciformes,Psittaculidae (Old World Parrots),Least Concern,Schedule-IV,,,Low,Stable,Stable,Very Large,Diurnal,Diurnal,Fruit & Nect,No,No,No,None,None,Resident,,,Rose-ringed Parakeet,Psittacula krameri
Slaty-headed Parakeet,Psittacula himalayana,slhpar1,Psittaciformes,Psittaculidae (Old World Parrots),Least Concern,Schedule-IV,Appendix II,,Low,Uncertain,Uncertain,Moderate,Diurnal,Diurnal,Plant & Seed,No,Yes,Yes,Indian Subcontinent,Wooded Habitat,Resident & Altitudinal Migrant,,,Slaty-headed Parakeet,Psittacula himalayana
Gray-headed Parakeet,Psittacula finschii,gyhpar2,Psittaciformes,Psittaculidae (Old World Parrots),Near Threatened,Schedule-IV,Appendix II,,NA,NA,NA,NA,Diurnal,Diurnal,Plant & Seed,No,No,No,None,Forest,Summer Migrant & Localized Winter Migrant,,,Grey-headed Parakeet,Psittacula finschii
Plum-headed Parakeet,Psittacula cyanocephala,plhpar1,Psittaciformes,Psittaculidae (Old World Parrots),Least Concern,Schedule-IV,Appendix II,,Low,Stable,Uncertain,Very Large,Diurnal,Diurnal,Fruit & Nect,No,Yes,No,Indian Subcontinent,Forest,Resident,,,Plum-headed Parakeet,Psittacula cyanocephala
Blossom-headed Parakeet,Psittacula roseata,blhpar3,Psittaciformes,Psittaculidae (Old World Parrots),Near Threatened,Schedule-IV,Appendix II,,NA,NA,NA,NA,Diurnal,Diurnal,Fruit & Nect,No,No,No,None,Wooded Habitat,Resident,,,Blossom-headed Parakeet,Psittacula roseata
Malabar Parakeet,Psittacula columboides,malpar1,Psittaciformes,Psittaculidae (Old World Parrots),Least Concern,Schedule-IV,Appendix II,,Moderate,Moderate Decline,Uncertain,Moderate,Diurnal,Diurnal,Plant & Seed,Yes,Yes,No,Western Ghats,Forest,Resident,,,Malabar Parakeet,Psittacula columboides
Derbyan Parakeet,Psittacula derbiana,derpar1,Psittaciformes,Psittaculidae (Old World Parrots),Near Threatened,Schedule-I,Appendix II,,NA,NA,NA,NA,Diurnal,Diurnal,Omnivore,No,No,No,None,Temperate Forest,Summer Migrant,,1,Lord Derby's Parakeet,Psittacula derbiana
Red-breasted Parakeet,Psittacula alexandri,rebpar4,Psittaciformes,Psittaculidae (Old World Parrots),Near Threatened,Schedule-IV,Appendix II,,Moderate,Uncertain,Uncertain,Moderate,Diurnal,Diurnal,Fruit & Nect,No,No,No,None,Tropical Forest,Resident,,,Red-breasted Parakeet,Psittacula alexandri
Nicobar Parakeet,Psittacula caniceps,nicpar1,Psittaciformes,Psittaculidae (Old World Parrots),Near Threatened,Schedule-IV,Appendix II,,Moderate,Data Deficient,Data Deficient,Restricted,Diurnal,Diurnal,Fruit & Nect,Yes,Yes,No,Nicobar Islands,Tropical Forest,Resident,,,Nicobar Parakeet,Psittacula caniceps
Long-tailed Parakeet,Psittacula longicauda,lotpar2,Psittaciformes,Psittaculidae (Old World Parrots),Vulnerable,Schedule-IV,Appendix II,,Low,Data Deficient,Moderate Increase,Restricted,Diurnal,Diurnal,Omnivore,Yes,Yes,No,Andaman and Nicobar Islands,Wooded Habitat,Resident,,,Long-tailed Parakeet,Psittacula longicauda
Vernal Hanging-Parrot,Loriculus vernalis,vehpar1,Psittaciformes,Psittaculidae (Old World Parrots),Least Concern,Schedule-IV,Appendix II,,Low,Uncertain,Uncertain,Moderate,Diurnal,Diurnal,Fruit & Nect,No,No,No,None,Wooded Habitat,Resident,,,Vernal Hanging Parrot,Loriculus vernalis
Long-tailed Broadbill,Psarisomus dalhousiae,lotbro1,Passeriformes,Eurylaimidae (Asian and Grauer's Broadbills),Least Concern,Schedule-IV,,,Low,Data Deficient,Uncertain,Moderate,Diurnal,Diurnal,Invertebrate,No,No,No,None,Forest,Resident & Altitudinal Migrant,1,,Long-tailed Broadbill,Psarisomus dalhousiae
Silver-breasted Broadbill,Serilophus lunatus,sibbro1,Passeriformes,Eurylaimidae (Asian and Grauer's Broadbills),Least Concern,Schedule-IV,,,NA,NA,NA,NA,Diurnal,Diurnal,Invertebrate,No,No,No,None,Forest,Resident,,,Silver-breasted Broadbill,Serilophus lunatus
Blue-naped Pitta,Hydrornis nipalensis,blnpit1,Passeriformes,Pittidae (Pittas),Least Concern,Schedule-IV,,,Moderate,Data Deficient,Data Deficient,Moderate,Diurnal,Diurnal,Invertebrate,No,No,No,None,Forest,Resident,1,,Blue-naped Pitta,Hydrornis nipalensis
Blue Pitta,Hydrornis cyaneus,blupit1,Passeriformes,Pittidae (Pittas),Least Concern,Schedule-IV,,,NA,NA,NA,NA,Diurnal,Diurnal,Invertebrate,No,No,No,None,Tropical Forest,Summer Migrant,,1,Blue Pitta,Hydrornis cyaneus
Indian Pitta,Pitta brachyura,indpit1,Passeriformes,Pittidae (Pittas),Least Concern,Schedule-IV,,,Low,Uncertain,Uncertain,Large,Diurnal,Diurnal,Invertebrate,No,Yes,No,Indian Subcontinent,Wooded Habitat,Local Migrant,,,Indian Pitta,Pitta brachyura
Blue-winged Pitta,Pitta moluccensis,blwpit1,Passeriformes,Pittidae (Pittas),Least Concern,Schedule-IV,,,NA,NA,NA,NA,Diurnal,Diurnal,Invertebrate,No,No,No,None,Tropical Forest,Uncertain,,1,Blue-winged Pitta,Pitta moluccensis
Hooded Pitta,Pitta sordida,hoopit2,Passeriformes,Pittidae (Pittas),Least Concern,Schedule-IV,,,NA,NA,NA,NA,Diurnal,Diurnal,Invertebrate,No,No,No,None,Forest,Resident & Summer Migrant,,,Hooded Pitta,Pitta sordida
Mangrove Pitta,Pitta megarhyncha,manpit1,Passeriformes,Pittidae (Pittas),Near Threatened,Schedule-IV,,,NA,NA,NA,NA,Diurnal,Diurnal,Invertebrate,No,No,No,None,Wetland,Resident,,1,Mangrove Pitta,Pitta megarhyncha
White-bellied Minivet,Pericrocotus erythropygius,whbmin3,Passeriformes,Campephagidae (Cuckooshrikes),Least Concern,Schedule-IV,,,Low,Data Deficient,Uncertain,Moderate,Diurnal,Diurnal,Invertebrate,Yes,Yes,No,Mainland India,Scrub,Resident,,,White-bellied Minivet,Pericrocotus erythropygius
Small Minivet,Pericrocotus cinnamomeus,smamin1,Passeriformes,Campephagidae (Cuckooshrikes),Least Concern,Schedule-IV,,,High,Strong Decline,Strong Decline,Very Large,Diurnal,Diurnal,Invertebrate,No,No,No,None,Wooded Habitat,Resident,,,Small Minivet,Pericrocotus cinnamomeus
Gray-chinned Minivet,Pericrocotus solaris,gycmin1,Passeriformes,Campephagidae (Cuckooshrikes),Least Concern,Schedule-IV,,,NA,NA,NA,NA,Diurnal,Diurnal,Invertebrate,No,No,No,None,Forest,Resident & Altitudinal Migrant,,,Grey-chinned Minivet,Pericrocotus solaris
Short-billed Minivet,Pericrocotus brevirostris,shbmin2,Passeriformes,Campephagidae (Cuckooshrikes),Least Concern,Schedule-IV,,,Low,Uncertain,Uncertain,Moderate,Diurnal,Diurnal,Invertebrate,No,No,No,None,Forest,Resident & Altitudinal Migrant,,,Short-billed Minivet,Pericrocotus brevirostris
Long-tailed Minivet,Pericrocotus ethologus,lotmin1,Passeriformes,Campephagidae (Cuckooshrikes),Least Concern,Schedule-IV,,,Moderate,Uncertain,Moderate Decline,Large,Diurnal,Diurnal,Invertebrate,No,No,No,None,Wooded Habitat,Resident & Altitudinal Migrant,,,Long-tailed Minivet,Pericrocotus ethologus
Orange Minivet,Pericrocotus flammeus,scamin3,Passeriformes,Campephagidae (Cuckooshrikes),Least Concern,Schedule-IV,,,Low,Uncertain,Uncertain,Moderate,Diurnal,Diurnal,Invertebrate,No,Yes,No,Indian Subcontinent,Tropical Forest,Resident,,,Orange Minivet,Pericrocotus flammeus
Scarlet Minivet,Pericrocotus speciosus,scamin1,Passeriformes,Campephagidae (Cuckooshrikes),Not Evaluated,Schedule-IV,,,Low,Uncertain,Uncertain,Large,Diurnal,Diurnal,Invertebrate,No,No,No,None,Forest,Resident,,,Scarlet Minivet,Pericrocotus speciosus
Ashy Minivet,Pericrocotus divaricatus,ashmin1,Passeriformes,Campephagidae (Cuckooshrikes),Least Concern,Schedule-IV,,,NA,NA,NA,NA,Diurnal,Diurnal,Invertebrate,No,No,No,None,Wooded Habitat,Winter Migrant,,,Ashy Minivet,Pericrocotus divaricatus
Brown-rumped Minivet,Pericrocotus cantonensis,brrmin1,Passeriformes,Campephagidae (Cuckooshrikes),Least Concern,Schedule-IV,,,NA,NA,NA,NA,Diurnal,Diurnal,Invertebrate,No,No,No,None,Tropical Forest,Winter Migrant,,,Swinhoe's Minivet,Pericrocotus cantonensis
Rosy Minivet,Pericrocotus roseus,rosmin1,Passeriformes,Campephagidae (Cuckooshrikes),Least Concern,Schedule-IV,,,NA,NA,NA,NA,Diurnal,Diurnal,Invertebrate,No,No,No,None,Forest,Resident & Local Migrant,,,Rosy Minivet,Pericrocotus roseus
Large Cuckooshrike,Coracina macei,larcus1,Passeriformes,Campephagidae (Cuckooshrikes),Least Concern,Schedule-IV,,,High,Strong Decline,Moderate Decline,Large,Diurnal,Diurnal,Invertebrate,No,No,No,None,Wooded Habitat,Resident,,,Large Cuckooshrike,Coracina macei
Andaman Cuckooshrike,Coracina dobsoni,andcus1,Passeriformes,Campephagidae (Cuckooshrikes),Near Threatened,Schedule-IV,,,Moderate,Data Deficient,Data Deficient,Restricted,Diurnal,Diurnal,Invertebrate,Yes,Yes,No,Andaman Islands,Tropical Forest,Resident,,,Andaman Cuckooshrike,Coracina dobsoni
Pied Triller,Lalage nigra,pietri1,Passeriformes,Campephagidae (Cuckooshrikes),Least Concern,Schedule-IV,,,NA,NA,NA,NA,Diurnal,Diurnal,Invertebrate,No,No,No,None,Wooded Habitat,Resident,,,Pied Triller,Lalage nigra
Black-winged Cuckooshrike,Lalage melaschistos,bkwcus1,Passeriformes,Campephagidae (Cuckooshrikes),Least Concern,Schedule-IV,,,Low,Uncertain,Uncertain,Moderate,Diurnal,Diurnal,Invertebrate,No,No,No,None,Wooded Habitat,Local Migrant,,,Black-winged Cuckooshrike,Lalage melaschistos
Black-headed Cuckooshrike,Lalage melanoptera,bkhcus1,Passeriformes,Campephagidae (Cuckooshrikes),Least Concern,Schedule-IV,,,Moderate,Moderate Decline,Uncertain,Moderate,Diurnal,Diurnal,Invertebrate,No,Yes,No,Indian Subcontinent,Wooded Habitat,Local Migrant,,,Black-headed Cuckooshrike,Lalage melanoptera
Black-headed Shrike-Babbler,Pteruthius rufiventer,bhsbab1,Passeriformes,"Vireonidae (Vireos, Shrike-Babblers, and Erpornis)",Least Concern,Schedule-IV,,Appendix II,Moderate,Data Deficient,Data Deficient,Moderate,Diurnal,Diurnal,Invertebrate,No,No,Yes,Eastern Himalayas,Temperate Forest,Resident & Altitudinal Migrant,,,Black-headed Shrike-babbler,Pteruthius rufiventer
Himalayan Shrike-Babbler,Pteruthius ripleyi,himshb1,Passeriformes,"Vireonidae (Vireos, Shrike-Babblers, and Erpornis)",Least Concern,Schedule-IV,,Appendix II,Moderate,Data Deficient,Data Deficient,Moderate,Diurnal,Diurnal,Invertebrate,No,No,Yes,Himalayas,Temperate Forest,Resident & Altitudinal Migrant,,,Himalayan Shrike-babbler,Pteruthius ripleyi
Blyth's Shrike-Babbler,Pteruthius aeralatus,blyshb1,Passeriformes,"Vireonidae (Vireos, Shrike-Babblers, and Erpornis)",Least Concern,Schedule-IV,,Appendix II,NA,NA,NA,NA,Diurnal,Diurnal,Invertebrate,No,No,No,None,Forest,Resident & Altitudinal Migrant,,,Blyth's Shrike-babbler,Pteruthius aeralatus
Green Shrike-Babbler,Pteruthius xanthochlorus,grsbab1,Passeriformes,"Vireonidae (Vireos, Shrike-Babblers, and Erpornis)",Least Concern,Schedule-IV,,Appendix II,Low,Data Deficient,Uncertain,Moderate,Diurnal,Diurnal,Invertebrate,No,No,No,None,Forest,Resident,,,Green Shrike-babbler,Pteruthius xanthochlorus
Black-eared Shrike-Babbler,Pteruthius melanotis,besbab1,Passeriformes,"Vireonidae (Vireos, Shrike-Babblers, and Erpornis)",Least Concern,Schedule-IV,,Appendix II,NA,NA,NA,NA,Diurnal,Diurnal,Invertebrate,No,No,No,None,Forest,Resident & Altitudinal Migrant,,,Black-eared Shrike-babbler,Pteruthius melanotis
Clicking Shrike-Babbler,Pteruthius intermedius,clishb1,Passeriformes,"Vireonidae (Vireos, Shrike-Babblers, and Erpornis)",Least Concern,Schedule-IV,,Appendix II,NA,NA,NA,NA,Diurnal,Diurnal,Invertebrate,No,No,No,None,Forest,Uncertain,,1,Clicking Shrike-babbler,Pteruthius intermedius
White-bellied Erpornis,Erpornis zantholeuca,whbyuh1,Passeriformes,"Vireonidae (Vireos, Shrike-Babblers, and Erpornis)",Least Concern,Schedule-IV,,Appendix II,Low,Data Deficient,Uncertain,Moderate,Diurnal,Diurnal,Invertebrate,No,No,No,None,Forest,Resident,,,White-bellied Erpornis,Erpornis zantholeuca
Mangrove Whistler,Pachycephala cinerea,manwhi1,Passeriformes,Pachycephalidae (Whistlers and Allies),Least Concern,Schedule-IV,,,NA,NA,NA,NA,Diurnal,Diurnal,Invertebrate,No,No,No,None,Wetland,Resident,,,Mangrove Whistler,Pachycephala cinerea
Eurasian Golden Oriole,Oriolus oriolus,eugori2,Passeriformes,Oriolidae (Old World Orioles),Least Concern,Schedule-IV,,Appendix II,NA,NA,NA,NA,Diurnal,Diurnal,Omnivore,No,No,No,None,None,Uncertain,,1,Eurasian Golden Oriole,Oriolus oriolus
Indian Golden Oriole,Oriolus kundoo,ingori1,Passeriformes,Oriolidae (Old World Orioles),Least Concern,Schedule-IV,,Appendix II,Low,Stable,Uncertain,Large,Diurnal,Diurnal,Omnivore,No,No,No,None,None,Local Migrant,,,Indian Golden Oriole,Oriolus kundoo
Black-naped Oriole,Oriolus chinensis,blnori1,Passeriformes,Oriolidae (Old World Orioles),Least Concern,Schedule-IV,,Appendix II,Low,Uncertain,Uncertain,Moderate,Diurnal,Diurnal,Fruit & Nect,No,No,No,None,Wooded Habitat,Winter Migrant,,,Black-naped Oriole,Oriolus chinensis
Slender-billed Oriole,Oriolus tenuirostris,slbori1,Passeriformes,Oriolidae (Old World Orioles),Least Concern,Schedule-IV,,Appendix II,NA,NA,NA,NA,Diurnal,Diurnal,Fruit & Nect,No,No,No,None,Wooded Habitat,Summer Migrant & Localized Winter Migrant,1,,Slender-billed Oriole,Oriolus tenuirostris
Black-hooded Oriole,Oriolus xanthornus,blhori1,Passeriformes,Oriolidae (Old World Orioles),Least Concern,Schedule-IV,,Appendix II,Low,Stable,Uncertain,Large,Diurnal,Diurnal,Fruit & Nect,No,No,No,None,Wooded Habitat,Resident,,,Black-hooded Oriole,Oriolus xanthornus
Maroon Oriole,Oriolus traillii,marori2,Passeriformes,Oriolidae (Old World Orioles),Least Concern,Schedule-IV,,Appendix II,Low,Uncertain,Uncertain,Moderate,Diurnal,Diurnal,Fruit & Nect,No,No,No,None,Forest,Resident & Altitudinal Migrant,,,Maroon Oriole,Oriolus traillii
Ashy Woodswallow,Artamus fuscus,ashwoo2,Passeriformes,"Artamidae (Woodswallows, Bellmagpies, and Allies)",Least Concern,Schedule-IV,,Appendix II,Moderate,Stable,Strong Decline,Large,Diurnal,Diurnal,Invertebrate,No,No,No,None,None,Resident,,,Ashy Woodswallow,Artamus fuscus
White-breasted Woodswallow,Artamus leucorynchus,whbwoo4,Passeriformes,"Artamidae (Woodswallows, Bellmagpies, and Allies)",Least Concern,Schedule-IV,,Appendix II,NA,NA,NA,NA,Diurnal,Diurnal,Invertebrate,No,No,No,None,None,Resident,,,White-breasted Woodswallow,Artamus leucorynchus
Malabar Woodshrike,Tephrodornis sylvicola,malwoo1,Passeriformes,"Vangidae (Vangas, Helmetshrikes, and Allies)",Least Concern,Schedule-IV,,Appendix II,Moderate,Strong Decline,Uncertain,Moderate,Diurnal,Diurnal,Invertebrate,Yes,Yes,No,Western Ghats,Tropical Forest,Resident,,,Malabar Woodshrike,Tephrodornis sylvicola
Large Woodshrike,Tephrodornis virgatus,larwoo1,Passeriformes,"Vangidae (Vangas, Helmetshrikes, and Allies)",Least Concern,Schedule-IV,,Appendix II,Low,Uncertain,Uncertain,Moderate,Diurnal,Diurnal,Invertebrate,No,No,No,None,Tropical Forest,Resident,,,Large Woodshrike,Tephrodornis virgatus
Common Woodshrike,Tephrodornis pondicerianus,comwoo1,Passeriformes,"Vangidae (Vangas, Helmetshrikes, and Allies)",Least Concern,Schedule-IV,,Appendix II,High,Strong Decline,Strong Decline,Very Large,Diurnal,Diurnal,Invertebrate,No,No,No,None,Wooded Habitat,Resident,,,Common Woodshrike,Tephrodornis pondicerianus
Bar-winged Flycatcher-shrike,Hemipus picatus,bwfshr1,Passeriformes,"Vangidae (Vangas, Helmetshrikes, and Allies)",Least Concern,Schedule-IV,,Appendix II,Moderate,Moderate Decline,Uncertain,Large,Diurnal,Diurnal,Invertebrate,No,No,No,None,Forest,Resident,,,Bar-winged Flycatcher-shrike,Hemipus picatus
Common Iora,Aegithina tiphia,comior1,Passeriformes,Aegithinidae (Ioras),Least Concern,Schedule-IV,,,Moderate,Moderate Decline,Moderate Decline,Very Large,Diurnal,Diurnal,Invertebrate,No,No,No,None,Wooded Habitat,Resident,,,Common Iora,Aegithina tiphia
White-tailed Iora,Aegithina nigrolutea,whtior1,Passeriformes,Aegithinidae (Ioras),Least Concern,Schedule-IV,,,Low,Data Deficient,Uncertain,Moderate,Diurnal,Diurnal,Invertebrate,No,Yes,No,Indian Subcontinent,Scrub,Resident,,,Marshall's Iora,Aegithina nigrolutea
White-throated Fantail,Rhipidura albicollis,whtfan1,Passeriformes,Rhipiduridae (Fantails),Least Concern,Schedule-IV,,Appendix II,Low,Uncertain,Uncertain,Large,Diurnal,Diurnal,Invertebrate,No,No,No,None,Wooded Habitat,Resident & Altitudinal Migrant,,,White-throated Fantail,Rhipidura albicollis
Spot-breasted Fantail,Rhipidura albogularis,spbfan1,Passeriformes,Rhipiduridae (Fantails),Least Concern,Schedule-IV,,Appendix II,Low,Uncertain,Strong Increase,Large,Diurnal,Diurnal,Invertebrate,Yes,Yes,No,Mainland India,Wooded Habitat,Resident,,,Spot-breasted Fantail,Rhipidura albogularis
White-browed Fantail,Rhipidura aureola,whbfan2,Passeriformes,Rhipiduridae (Fantails),Least Concern,Schedule-IV,,Appendix II,Low,Stable,Uncertain,Large,Diurnal,Diurnal,Invertebrate,No,No,No,None,Wooded Habitat,Resident & Altitudinal Migrant,,,White-browed Fantail,Rhipidura aureola
Black Drongo,Dicrurus macrocercus,bladro1,Passeriformes,Dicruridae (Drongos),Least Concern,Schedule-IV,,,Low,Stable,Moderate Decline,Very Large,Diurnal,Diurnal,Omnivore,No,No,No,None,Grassland and Scrub,Resident & Local Migrant,,,Black Drongo,Dicrurus macrocercus
Ashy Drongo,Dicrurus leucophaeus,ashdro1,Passeriformes,Dicruridae (Drongos),Least Concern,Schedule-IV,,,Low,Stable,Uncertain,Moderate,Diurnal,Diurnal,Invertebrate,No,No,No,None,Wooded Habitat,Local Migrant,,,Ashy Drongo,Dicrurus leucophaeus
White-bellied Drongo,Dicrurus caerulescens,whbdro1,Passeriformes,Dicruridae (Drongos),Least Concern,Schedule-IV,,,Moderate,Stable,Strong Decline,Large,Diurnal,Diurnal,Invertebrate,No,Yes,No,Indian Subcontinent,Wooded Habitat,Resident,,,White-bellied Drongo,Dicrurus caerulescens
Crow-billed Drongo,Dicrurus annectens,crbdro1,Passeriformes,Dicruridae (Drongos),Least Concern,Schedule-IV,,,NA,NA,NA,NA,Diurnal,Diurnal,Invertebrate,No,No,No,None,Tropical Forest,Summer Migrant,,,Crow-billed Drongo,Dicrurus annectens
Bronzed Drongo,Dicrurus aeneus,brodro1,Passeriformes,Dicruridae (Drongos),Least Concern,Schedule-IV,,,Low,Stable,Uncertain,Large,Diurnal,Diurnal,Invertebrate,No,No,No,None,Forest,Resident,,,Bronzed Drongo,Dicrurus aeneus
Lesser Racket-tailed Drongo,Dicrurus remifer,lrtdro1,Passeriformes,Dicruridae (Drongos),Least Concern,Schedule-IV,,,Low,Uncertain,Uncertain,Moderate,Diurnal,Diurnal,Invertebrate,No,No,No,None,Tropical Forest,Resident & Winter Migrant,,,Lesser Racket-tailed Drongo,Dicrurus remifer
Hair-crested Drongo,Dicrurus hottentottus,hacdro1,Passeriformes,Dicruridae (Drongos),Least Concern,Schedule-IV,,,Low,Uncertain,Uncertain,Moderate,Diurnal,Diurnal,Omnivore,No,No,No,None,Wooded Habitat,Resident & Winter Migrant,,,Hair-crested Drongo,Dicrurus hottentottus
Andaman Drongo,Dicrurus andamanensis,anddro1,Passeriformes,Dicruridae (Drongos),Least Concern,Schedule-IV,,,Moderate,Data Deficient,Uncertain,Restricted,Diurnal,Diurnal,Invertebrate,Yes,Yes,No,Andaman Islands,Tropical Forest,Resident,,,Andaman Drongo,Dicrurus andamanensis
Greater Racket-tailed Drongo,Dicrurus paradiseus,grtdro1,Passeriformes,Dicruridae (Drongos),Least Concern,Schedule-IV,,,Moderate,Moderate Decline,Uncertain,Large,Diurnal,Diurnal,Invertebrate,No,No,No,None,Tropical Forest,Resident,,,Greater Racket-tailed Drongo,Dicrurus paradiseus
Black-naped Monarch,Hypothymis azurea,blnmon1,Passeriformes,Monarchidae (Monarch Flycatchers),Least Concern,Schedule-IV,,Appendix II,Moderate,Moderate Decline,Uncertain,Large,Diurnal,Diurnal,Invertebrate,No,No,No,None,Wooded Habitat,Resident & Local Migrant,,,Black-naped Monarch,Hypothymis azurea
Amur Paradise-Flycatcher,Terpsiphone incei,amupaf1,Passeriformes,Monarchidae (Monarch Flycatchers),Least Concern,Schedule-IV,,Appendix II,NA,NA,NA,NA,Diurnal,Diurnal,Invertebrate,No,No,No,None,Forest,Winter Migrant,,1,Amur Paradise-flycatcher,Terpsiphone incei
Blyth's Paradise-Flycatcher,Terpsiphone affinis,blypaf1,Passeriformes,Monarchidae (Monarch Flycatchers),Least Concern,Schedule-IV,,Appendix II,NA,NA,NA,NA,Diurnal,Diurnal,Invertebrate,No,No,No,None,Forest,Resident & Local Migrant,1,,Blyth's Paradise-flycatcher,Terpsiphone affinis
Indian Paradise-Flycatcher,Terpsiphone paradisi,aspfly1,Passeriformes,Monarchidae (Monarch Flycatchers),Least Concern,Schedule-IV,,Appendix II,Low,Stable,Uncertain,Large,Diurnal,Diurnal,Invertebrate,No,No,No,None,Wooded Habitat,Local Migrant,,,Indian Paradise-flycatcher,Terpsiphone paradisi
Red-backed Shrike,Lanius collurio,rebshr1,Passeriformes,Laniidae (Shrikes),Least Concern,Schedule-IV,,,NA,NA,NA,NA,Diurnal,Diurnal,Invertebrate,No,No,No,None,Grassland and Scrub,Passage Migrant,,,Red-backed Shrike,Lanius collurio
Red-tailed Shrike,Lanius phoenicuroides,rutshr2,Passeriformes,Laniidae (Shrikes),Least Concern,Schedule-IV,,,NA,NA,NA,NA,Diurnal,Diurnal,Invertebrate,No,No,No,None,Grassland and Scrub,Passage Migrant,,,Red-tailed Shrike,Lanius phoenicuroides
Isabelline Shrike,Lanius isabellinus,isashr1,Passeriformes,Laniidae (Shrikes),Least Concern,Schedule-IV,,,Low,Uncertain,Uncertain,Large,Diurnal,Diurnal,Invertebrate,No,No,No,None,Grassland and Scrub,Winter Migrant,,,Isabelline Shrike,Lanius isabellinus
Brown Shrike,Lanius cristatus,brnshr,Passeriformes,Laniidae (Shrikes),Least Concern,Schedule-IV,,,Low,Stable,Moderate Decline,Large,Diurnal,Diurnal,Invertebrate,No,No,No,None,Wooded Habitat,Winter Migrant,,,Brown Shrike,Lanius cristatus
Burmese Shrike,Lanius collurioides,burshr1,Passeriformes,Laniidae (Shrikes),Least Concern,Schedule-IV,,,NA,NA,NA,NA,Diurnal,Diurnal,Invertebrate,No,No,No,None,None,Winter Migrant & Localized Summer Migrant,,1,Burmese Shrike,Lanius collurioides
Bay-backed Shrike,Lanius vittatus,babshr1,Passeriformes,Laniidae (Shrikes),Least Concern,Schedule-IV,,,Moderate,Moderate Decline,Uncertain,Very Large,Diurnal,Diurnal,Invertebrate,No,No,No,None,Grassland and Scrub,Resident & Local Migrant,,,Bay-backed Shrike,Lanius vittatus
Long-tailed Shrike,Lanius schach,lotshr1,Passeriformes,Laniidae (Shrikes),Least Concern,Schedule-IV,,,Moderate,Stable,Strong Decline,Large,Diurnal,Diurnal,Invertebrate,No,No,No,None,None,Resident & Local Migrant,,,Long-tailed Shrike,Lanius schach
Gray-backed Shrike,Lanius tephronotus,gybshr1,Passeriformes,Laniidae (Shrikes),Least Concern,Schedule-IV,,,Low,Uncertain,Uncertain,Moderate,Diurnal,Diurnal,Invertebrate,No,No,No,None,None,Winter Migrant & Localized Summer Migrant,,,Grey-backed Shrike,Lanius tephronotus
Great Gray Shrike,Lanius excubitor,norshr1,Passeriformes,Laniidae (Shrikes),Least Concern,Schedule-IV,,,High,Strong Decline,Moderate Decline,Moderate,Diurnal,Diurnal,Vertebrate & Carrion,No,No,No,None,Grassland and Scrub,Resident & Winter Migrant,,,Great Grey Shrike,Lanius excubitor
Lesser Gray Shrike,Lanius minor,legshr2,Passeriformes,Laniidae (Shrikes),Least Concern,Schedule-IV,,,NA,NA,NA,NA,Diurnal,Diurnal,Invertebrate,No,No,No,None,Grassland,Uncertain,,1,Lesser Grey Shrike,Lanius minor
Masked Shrike,Lanius nubicus,masshr1,Passeriformes,Laniidae (Shrikes),Least Concern,Schedule-IV,,,NA,NA,NA,NA,Diurnal,Diurnal,Invertebrate,No,No,No,None,None,Uncertain,,1,Masked Shrike,Lanius nubicus
Woodchat Shrike,Lanius senator,wooshr1,Passeriformes,Laniidae (Shrikes),Least Concern,Schedule-IV,,,NA,NA,NA,NA,Diurnal,Diurnal,Invertebrate,No,No,No,None,None,Uncertain,,1,Woodchat Shrike,Lanius senator
Eurasian Jay,Garrulus glandarius,eurjay1,Passeriformes,"Corvidae (Crows, Jays, and Magpies)",Least Concern,Schedule-IV,,,Low,Data Deficient,Uncertain,Moderate,Diurnal,Diurnal,Omnivore,No,No,No,None,Temperate Forest,Resident & Altitudinal Migrant,,,Eurasian Jay,Garrulus glandarius
Black-headed Jay,Garrulus lanceolatus,blhjay1,Passeriformes,"Corvidae (Crows, Jays, and Magpies)",Least Concern,Schedule-IV,,,Low,Uncertain,Uncertain,Moderate,Diurnal,Diurnal,Omnivore,No,No,Yes,Western Himalayas,Wooded Habitat,Resident & Altitudinal Migrant,,,Black-headed Jay,Garrulus lanceolatus
Yellow-billed Blue-Magpie,Urocissa flavirostris,gobmag1,Passeriformes,"Corvidae (Crows, Jays, and Magpies)",Least Concern,Schedule-IV,,,Low,Uncertain,Uncertain,Moderate,Diurnal,Diurnal,Omnivore,No,No,Yes,Himalayas,Temperate Forest,Resident & Altitudinal Migrant,,,Yellow-billed Blue Magpie,Urocissa flavirostris
Red-billed Blue-Magpie,Urocissa erythroryncha,rbbmag,Passeriformes,"Corvidae (Crows, Jays, and Magpies)",Least Concern,Schedule-IV,,,Low,Uncertain,Uncertain,Moderate,Diurnal,Diurnal,Omnivore,No,No,No,None,None,Resident & Altitudinal Migrant,,,Red-billed Blue Magpie,Urocissa erythroryncha
Common Green-Magpie,Cissa chinensis,gremag1,Passeriformes,"Corvidae (Crows, Jays, and Magpies)",Least Concern,Schedule-IV,,,Low,Uncertain,Uncertain,Moderate,Diurnal,Diurnal,Omnivore,No,No,No,None,Forest,Resident,,,Common Green Magpie,Cissa chinensis
Rufous Treepie,Dendrocitta vagabunda,ruftre2,Passeriformes,"Corvidae (Crows, Jays, and Magpies)",Least Concern,Schedule-IV,,,Low,Stable,Uncertain,Very Large,Diurnal,Diurnal,Omnivore,No,No,No,None,None,Resident,,,Rufous Treepie,Dendrocitta vagabunda
Gray Treepie,Dendrocitta formosae,grytre1,Passeriformes,"Corvidae (Crows, Jays, and Magpies)",Least Concern,Schedule-IV,,,Low,Uncertain,Strong Increase,Moderate,Diurnal,Diurnal,Omnivore,No,No,No,None,Forest,Resident & Altitudinal Migrant,,,Grey Treepie,Dendrocitta formosae
White-bellied Treepie,Dendrocitta leucogastra,whbtre1,Passeriformes,"Corvidae (Crows, Jays, and Magpies)",Least Concern,Schedule-IV,,,Moderate,Moderate Decline,Uncertain,Moderate,Diurnal,Diurnal,Omnivore,Yes,Yes,No,Western Ghats,Tropical Forest,Resident,,,White-bellied Treepie,Dendrocitta leucogastra
Collared Treepie,Dendrocitta frontalis,coltre1,Passeriformes,"Corvidae (Crows, Jays, and Magpies)",Least Concern,Schedule-IV,,,Moderate,Data Deficient,Uncertain,Restricted,Diurnal,Diurnal,Omnivore,No,No,No,None,Forest,Resident,1,,Collared Treepie,Dendrocitta frontalis
Andaman Treepie,Dendrocitta bayleii,andtre1,Passeriformes,"Corvidae (Crows, Jays, and Magpies)",Vulnerable,Schedule-IV,,,High,Data Deficient,Data Deficient,Restricted,Diurnal,Diurnal,Omnivore,Yes,Yes,No,Andaman Islands,Tropical Forest,Resident,,,Andaman Treepie,Dendrocitta bayleii
Eurasian Magpie,Pica pica,eurmag1,Passeriformes,"Corvidae (Crows, Jays, and Magpies)",Least Concern,Schedule-IV,,,NA,NA,NA,NA,Diurnal,Diurnal,Vertebrate & Carrion,No,No,No,None,None,Resident,,,Eurasian Magpie,Pica pica
Eurasian Nutcracker,Nucifraga caryocatactes,eurnut1,Passeriformes,"Corvidae (Crows, Jays, and Magpies)",Least Concern,Schedule-IV,,,NA,NA,NA,NA,Diurnal,Diurnal,Plant & Seed,No,No,No,None,Temperate Forest,Resident,,,Spotted Nutcracker,Nucifraga caryocatactes
Kashmir Nutcracker,Nucifraga multipunctata,sponut1,Passeriformes,"Corvidae (Crows, Jays, and Magpies)",Least Concern,Schedule-IV,,,Moderate,Data Deficient,Data Deficient,Restricted,Diurnal,Diurnal,Plant & Seed,No,No,Yes,Western Himalayas,Temperate Forest,Resident & Altitudinal Migrant,,,Large-spotted Nutcracker,Nucifraga multipunctata
Red-billed Chough,Pyrrhocorax pyrrhocorax,rebcho1,Passeriformes,"Corvidae (Crows, Jays, and Magpies)",Least Concern,Schedule-IV,,,Low,Uncertain,Uncertain,Moderate,Diurnal,Diurnal,Omnivore,No,No,No,None,None,Resident & Altitudinal Migrant,,,Red-billed Chough,Pyrrhocorax pyrrhocorax
Yellow-billed Chough,Pyrrhocorax graculus,yebcho1,Passeriformes,"Corvidae (Crows, Jays, and Magpies)",Least Concern,Schedule-IV,,,Low,Data Deficient,Uncertain,Moderate,Diurnal,Diurnal,Omnivore,No,No,No,None,None,Resident & Altitudinal Migrant,,,Yellow-billed Chough,Pyrrhocorax graculus
Eurasian Jackdaw,Corvus monedula,eurjac,Passeriformes,"Corvidae (Crows, Jays, and Magpies)",Least Concern,Schedule-IV,,,NA,NA,NA,NA,Diurnal,Diurnal,Omnivore,No,No,No,None,None,Resident,,1,Eurasian Jackdaw,Corvus monedula
House Crow,Corvus splendens,houcro1,Passeriformes,"Corvidae (Crows, Jays, and Magpies)",Least Concern,Schedule-V,,,Low,Moderate Increase,Stable,Very Large,Diurnal,Diurnal,Vertebrate & Carrion,No,No,No,None,None,Resident,,,House Crow,Corvus splendens
Rook,Corvus frugilegus,rook1,Passeriformes,"Corvidae (Crows, Jays, and Magpies)",Least Concern,Schedule-IV,,,NA,NA,NA,NA,Diurnal,Diurnal,Omnivore,No,No,No,None,Grassland,Winter Migrant,,1,Rook,Corvus frugilegus
Carrion Crow,Corvus corone,carcro1,Passeriformes,"Corvidae (Crows, Jays, and Magpies)",Least Concern,Schedule-IV,,,NA,NA,NA,NA,Diurnal,Diurnal,Vertebrate & Carrion,No,No,No,None,None,Resident,,1,Carrion Crow,Corvus corone
Hooded Crow,Corvus cornix,hoocro1,Passeriformes,"Corvidae (Crows, Jays, and Magpies)",Not Evaluated,Schedule-IV,,,NA,NA,NA,NA,Diurnal,Diurnal,Vertebrate & Carrion,No,No,No,None,None,Uncertain,,1,Hooded Crow,Corvus cornix
Large-billed Crow,Corvus macrorhynchos,labcro1,Passeriformes,"Corvidae (Crows, Jays, and Magpies)",Least Concern,Schedule-IV,,,Low,Stable,Uncertain,Very Large,Diurnal,Diurnal,Omnivore,No,No,No,None,None,Resident,,,Large-billed Crow,Corvus macrorhynchos
Pied Crow,Corvus albus,piecro1,Passeriformes,"Corvidae (Crows, Jays, and Magpies)",Least Concern,Schedule-IV,,,NA,NA,NA,NA,Diurnal,Diurnal,Vertebrate & Carrion,No,No,No,None,None,Uncertain,,1,Pied Crow,Corvus albus
Common Raven,Corvus corax,comrav,Passeriformes,"Corvidae (Crows, Jays, and Magpies)",Least Concern,Schedule-IV,,,Low,Data Deficient,Uncertain,Moderate,Diurnal,Diurnal,Vertebrate & Carrion,No,No,No,None,None,Resident & Altitudinal Migrant,,,Common Raven,Corvus corax
Yellow-bellied Fairy-Fantail,Chelidorhynx hypoxanthus,yebfan1,Passeriformes,Stenostiridae (Fairy Flycatchers),Least Concern,Schedule-IV,,,Low,Uncertain,Uncertain,Moderate,Diurnal,Diurnal,Invertebrate,No,No,No,None,Wooded Habitat,Resident & Altitudinal Migrant,,,Yellow-bellied Fantail,Chelidorhynx hypoxanthus
Gray-headed Canary-Flycatcher,Culicicapa ceylonensis,gyhcaf1,Passeriformes,Stenostiridae (Fairy Flycatchers),Least Concern,Schedule-IV,,,Moderate,Moderate Decline,Moderate Decline,Moderate,Diurnal,Diurnal,Invertebrate,No,No,No,None,Wooded Habitat,Local Migrant,,,Grey-headed Canary-flycatcher,Culicicapa ceylonensis
Fire-capped Tit,Cephalopyrus flammiceps,fictit1,Passeriformes,"Paridae (Tits, Chickadees, and Titmice)",Least Concern,Schedule-IV,,,Moderate,Data Deficient,Data Deficient,Restricted,Diurnal,Diurnal,Invertebrate,No,No,No,None,Forest,Local Migrant,,,Fire-capped Tit,Cephalopyrus flammiceps
Yellow-browed Tit,Sylviparus modestus,yebtit3,Passeriformes,"Paridae (Tits, Chickadees, and Titmice)",Least Concern,Schedule-IV,,,Moderate,Moderate Decline,Uncertain,Moderate,Diurnal,Diurnal,Invertebrate,No,No,No,None,None,Resident & Altitudinal Migrant,,,Yellow-browed Tit,Sylviparus modestus
Sultan Tit,Melanochlora sultanea,sultit1,Passeriformes,"Paridae (Tits, Chickadees, and Titmice)",Least Concern,Schedule-IV,,,Low,Data Deficient,Uncertain,Moderate,Diurnal,Diurnal,Invertebrate,No,No,No,None,Wooded Habitat,Resident & Altitudinal Migrant,,,Sultan Tit,Melanochlora sultanea
Coal Tit,Periparus ater,coatit2,Passeriformes,"Paridae (Tits, Chickadees, and Titmice)",Least Concern,Schedule-IV,,,Low,Uncertain,Uncertain,Moderate,Diurnal,Diurnal,Omnivore,No,No,No,None,Temperate Forest,Resident & Altitudinal Migrant,,,Coal Tit,Periparus ater
Rufous-naped Tit,Periparus rufonuchalis,bkbtit2,Passeriformes,"Paridae (Tits, Chickadees, and Titmice)",Least Concern,Schedule-IV,,,Low,Data Deficient,Uncertain,Moderate,Diurnal,Diurnal,Invertebrate,No,No,No,None,Temperate Forest,Resident & Altitudinal Migrant,,,Rufous-naped Tit,Periparus rufonuchalis
Rufous-vented Tit,Periparus rubidiventris,ruvtit2,Passeriformes,"Paridae (Tits, Chickadees, and Titmice)",Least Concern,Schedule-IV,,,Low,Data Deficient,Uncertain,Moderate,Diurnal,Diurnal,Invertebrate,No,No,No,None,Temperate Forest,Resident & Altitudinal Migrant,,,Rufous-vented Tit,Periparus rubidiventris
Gray-crested Tit,Lophophanes dichrous,gyctit1,Passeriformes,"Paridae (Tits, Chickadees, and Titmice)",Least Concern,Schedule-IV,,,Low,Data Deficient,Uncertain,Moderate,Diurnal,Diurnal,Invertebrate,No,No,No,None,Temperate Forest,Resident & Altitudinal Migrant,,,Grey-crested Tit,Lophophanes dichrous
Azure Tit,Cyanistes cyanus,azutit2,Passeriformes,"Paridae (Tits, Chickadees, and Titmice)",Least Concern,Schedule-IV,,,NA,NA,NA,NA,Diurnal,Diurnal,Invertebrate,No,No,No,None,None,Uncertain,,1,Azure Tit,Cyanistes cyanus
Ground Tit,Pseudopodoces humilis,grotit1,Passeriformes,"Paridae (Tits, Chickadees, and Titmice)",Least Concern,Schedule-IV,,,NA,NA,NA,NA,Diurnal,Diurnal,Invertebrate,No,No,No,None,None,Resident,,,Ground Tit,Pseudopodoces humilis
Green-backed Tit,Parus monticolus,grbtit1,Passeriformes,"Paridae (Tits, Chickadees, and Titmice)",Least Concern,Schedule-IV,,,Low,Uncertain,Uncertain,Moderate,Diurnal,Diurnal,Omnivore,No,No,No,None,None,Resident & Altitudinal Migrant,,,Green-backed Tit,Parus monticolus
Cinereous Tit,Parus cinereus,gretit2,Passeriformes,"Paridae (Tits, Chickadees, and Titmice)",Least Concern,Schedule-IV,,,Low,Stable,Uncertain,Very Large,Diurnal,Diurnal,Omnivore,No,No,No,None,None,Resident,,,Cinereous Tit,Parus cinereus
White-naped Tit,Machlolophus nuchalis,whwtit2,Passeriformes,"Paridae (Tits, Chickadees, and Titmice)",Vulnerable,Schedule-IV,,,High,Data Deficient,Data Deficient,Restricted,Diurnal,Diurnal,Invertebrate,Yes,Yes,No,Mainland India,Scrub,Resident,,,White-naped Tit,Machlolophus nuchalis
Himalayan Black-lored Tit,Machlolophus xanthogenys,blltit1,Passeriformes,"Paridae (Tits, Chickadees, and Titmice)",Least Concern,Schedule-IV,,,Low,Uncertain,Uncertain,Moderate,Diurnal,Diurnal,Invertebrate,No,No,Yes,Himalayas,Wooded Habitat,Resident & Altitudinal Migrant,,,Himalayan Black-lored Tit,Machlolophus xanthogenys
Indian Yellow Tit,Machlolophus aplonotus,indtit1,Passeriformes,"Paridae (Tits, Chickadees, and Titmice)",Not Evaluated,Schedule-IV,,,Low,Stable,Uncertain,Large,Diurnal,Diurnal,Invertebrate,Yes,Yes,No,Mainland India,Wooded Habitat,Resident,,,Indian Black-lored Tit,Machlolophus aplonotus
Yellow-cheeked Tit,Machlolophus spilonotus,yectit1,Passeriformes,"Paridae (Tits, Chickadees, and Titmice)",Least Concern,Schedule-IV,,,Low,Data Deficient,Uncertain,Moderate,Diurnal,Diurnal,Invertebrate,No,No,No,None,Temperate Forest,Resident & Altitudinal Migrant,,,Yellow-cheeked Tit,Machlolophus spilonotus
White-crowned Penduline-Tit,Remiz coronatus,wcptit1,Passeriformes,Remizidae (Penduline-Tits),Least Concern,Schedule-IV,,,NA,NA,NA,NA,Diurnal,Diurnal,Invertebrate,No,No,No,None,Wetland,Winter Migrant,,,White-crowned Penduline Tit,Remiz coronatus
Greater Hoopoe-Lark,Alaemon alaudipes,grhlar1,Passeriformes,Alaudidae (Larks),Least Concern,Schedule-IV,,,NA,NA,NA,NA,Diurnal,Diurnal,Invertebrate,No,No,No,None,Grassland,Resident,,,Greater Hoopoe Lark,Alaemon alaudipes
Rufous-tailed Lark,Ammomanes phoenicura,rutlar2,Passeriformes,Alaudidae (Larks),Least Concern,Schedule-IV,,,Moderate,Strong Decline,Uncertain,Large,Diurnal,Diurnal,Omnivore,No,Yes,No,Indian Subcontinent,Grassland and Scrub,Resident,,,Rufous-tailed Lark,Ammomanes phoenicura
Desert Lark,Ammomanes deserti,deslar1,Passeriformes,Alaudidae (Larks),Least Concern,Schedule-IV,,,NA,NA,NA,NA,Diurnal,Diurnal,Omnivore,No,No,No,None,Grassland,Resident,,,Desert Lark,Ammomanes deserti
Black-crowned Sparrow-Lark,Eremopterix nigriceps,bcslar1,Passeriformes,Alaudidae (Larks),Least Concern,Schedule-IV,,,NA,NA,NA,NA,Diurnal,Diurnal,Plant & Seed,No,No,No,None,Grassland,Resident,,,Black-crowned Sparrow Lark,Eremopterix nigriceps
Ashy-crowned Sparrow-Lark,Eremopterix griseus,ascspl1,Passeriformes,Alaudidae (Larks),Least Concern,Schedule-IV,,,Moderate,Moderate Decline,Uncertain,Very Large,Diurnal,Diurnal,Plant & Seed,No,Yes,No,Indian Subcontinent,Grassland,Resident,,,Ashy-crowned Sparrow Lark,Eremopterix griseus
Singing Bushlark,Mirafra cantillans,sinbus1,Passeriformes,Alaudidae (Larks),Least Concern,Schedule-IV,,,Moderate,Data Deficient,Strong Decline,Moderate,Diurnal,Diurnal,Omnivore,No,No,No,None,Grassland,Resident,1,,Singing Bushlark,Mirafra cantillans
Bengal Bushlark,Mirafra assamica,benbus1,Passeriformes,Alaudidae (Larks),Least Concern,Schedule-IV,,,Low,Data Deficient,Uncertain,Moderate,Diurnal,Diurnal,Omnivore,No,Yes,No,Indian Subcontinent,Grassland and Scrub,Resident,,,Bengal Bushlark,Mirafra assamica
Jerdon's Bushlark,Mirafra affinis,jerbus2,Passeriformes,Alaudidae (Larks),Least Concern,Schedule-IV,,,Low,Uncertain,Uncertain,Large,Diurnal,Diurnal,Omnivore,No,Yes,No,Indian Subcontinent,Grassland and Scrub,Resident,,,Jerdon's Bushlark,Mirafra affinis
Indian Bushlark,Mirafra erythroptera,indbus2,Passeriformes,Alaudidae (Larks),Least Concern,Schedule-IV,,,Low,Stable,Uncertain,Large,Diurnal,Diurnal,Omnivore,No,Yes,No,Indian Subcontinent,Grassland,Resident,,,Indian Bushlark,Mirafra erythroptera
Horned Lark,Eremophila alpestris,horlar,Passeriformes,Alaudidae (Larks),Least Concern,Schedule-IV,,,NA,NA,NA,NA,Diurnal,Diurnal,Omnivore,No,No,No,None,None,Resident,,,Horned Lark,Eremophila alpestris
Greater Short-toed Lark,Calandrella brachydactyla,gstlar1,Passeriformes,Alaudidae (Larks),Least Concern,Schedule-IV,,,Low,Uncertain,Uncertain,Moderate,Diurnal,Diurnal,Invertebrate,No,No,No,None,Grassland,Winter Migrant,,,Greater Short-toed Lark,Calandrella brachydactyla
Mongolian Short-toed Lark,Calandrella dukhunensis,sstlar4,Passeriformes,Alaudidae (Larks),Least Concern,Schedule-IV,,,,,,,Diurnal,Diurnal,Invertebrate,No,No,No,None,Grassland,Winter Migrant,,,Sykes's Short-toed Lark,Calandrella dukhunensis
Hume's Lark,Calandrella acutirostris,humlar1,Passeriformes,Alaudidae (Larks),Least Concern,Schedule-IV,,,NA,NA,NA,NA,Diurnal,Diurnal,Omnivore,No,No,No,None,None,Winter Migrant & Localized Summer Migrant,,,Hume's Short-toed Lark,Calandrella acutirostris
Bimaculated Lark,Melanocorypha bimaculata,bimlar1,Passeriformes,Alaudidae (Larks),Least Concern,Schedule-IV,,,NA,NA,NA,NA,Diurnal,Diurnal,Omnivore,No,No,No,None,Grassland,Winter Migrant,,,Bimaculated Lark,Melanocorypha bimaculata
Tibetan Lark,Melanocorypha maxima,tiblar1,Passeriformes,Alaudidae (Larks),Least Concern,Schedule-IV,,,NA,NA,NA,NA,Diurnal,Diurnal,Plant & Seed,No,No,No,None,None,Resident,,1,Tibetan Lark,Melanocorypha maxima
Turkestan Short-toed Lark,Alaudala heinei,tstlar1,Passeriformes,Alaudidae (Larks),Least Concern,Schedule-IV,,,NA,NA,NA,NA,Diurnal,Diurnal,Omnivore,No,No,No,None,Grassland,Uncertain,,1,Lesser Short-toed Lark,Alaudala rufescens
Sand Lark,Alaudala raytal,sanlar1,Passeriformes,Alaudidae (Larks),Least Concern,Schedule-IV,,,Moderate,Moderate Decline,Uncertain,Moderate,Diurnal,Diurnal,Invertebrate,No,No,No,None,Open Habitat,Resident,,,Sand Lark,Alaudala raytal
Eurasian Skylark,Alauda arvensis,skylar,Passeriformes,Alaudidae (Larks),Least Concern,Schedule-IV,,,NA,NA,NA,NA,Diurnal,Diurnal,Plant & Seed,No,No,No,None,Grassland,Winter Migrant,,,Eurasian Skylark,Alauda arvensis
Oriental Skylark,Alauda gulgula,orisky1,Passeriformes,Alaudidae (Larks),Least Concern,Schedule-IV,,,Moderate,Strong Decline,Uncertain,Large,Diurnal,Diurnal,Omnivore,No,No,No,None,None,Resident & Local Migrant,,,Oriental Skylark,Alauda gulgula
Crested Lark,Galerida cristata,crelar2,Passeriformes,Alaudidae (Larks),Least Concern,Schedule-IV,,,Moderate,Moderate Decline,Uncertain,Large,Diurnal,Diurnal,Plant & Seed,No,No,No,None,None,Resident,,,Crested Lark,Galerida cristata
Malabar Lark,Galerida malabarica,mallar1,Passeriformes,Alaudidae (Larks),Least Concern,Schedule-IV,,,Moderate,Moderate Decline,Moderate Decline,Moderate,Diurnal,Diurnal,Omnivore,Yes,Yes,No,Mainland India,Grassland,Resident,,,Malabar Lark,Galerida malabarica
Tawny Lark,Galerida deva,tawlar1,Passeriformes,Alaudidae (Larks),Least Concern,Schedule-IV,,,Low,Data Deficient,Uncertain,Large,Diurnal,Diurnal,Omnivore,Yes,Yes,No,Mainland India,Grassland,Resident,,,Sykes's Lark,Galerida deva
Common Tailorbird,Orthotomus sutorius,comtai1,Passeriformes,Cisticolidae (Cisticolas and Allies),Least Concern,Schedule-IV,,Appendix II,Low,Stable,Moderate Increase,Very Large,Diurnal,Diurnal,Invertebrate,No,No,No,None,None,Resident,,,Common Tailorbird,Orthotomus sutorius
Dark-necked Tailorbird,Orthotomus atrogularis,dantai1,Passeriformes,Cisticolidae (Cisticolas and Allies),Least Concern,Schedule-IV,,Appendix II,NA,NA,NA,NA,Diurnal,Diurnal,Invertebrate,No,No,No,None,Tropical Forest,Resident,,,Dark-necked Tailorbird,Orthotomus atrogularis
Himalayan Prinia,Prinia crinigera,strpri2,Passeriformes,Cisticolidae (Cisticolas and Allies),Least Concern,Schedule-IV,,Appendix II,Low,Uncertain,Uncertain,Moderate,Diurnal,Diurnal,Invertebrate,No,No,No,None,None,Resident & Altitudinal Migrant,,,Striated Prinia,Prinia crinigera
Black-throated Prinia,Prinia atrogularis,hilpri1,Passeriformes,Cisticolidae (Cisticolas and Allies),Least Concern,Schedule-IV,,Appendix II,Moderate,Data Deficient,Data Deficient,Moderate,Diurnal,Diurnal,Invertebrate,No,No,Yes,Himalayas,None,Resident,,,Black-throated Prinia,Prinia atrogularis
Hill Prinia,Prinia superciliaris,hilpri2,Passeriformes,Cisticolidae (Cisticolas and Allies),Least Concern,Schedule-IV,,Appendix II,NA,NA,NA,NA,Diurnal,Diurnal,Invertebrate,No,No,No,None,None,Resident,,1,Hill Prinia,Prinia superciliaris
Gray-crowned Prinia,Prinia cinereocapilla,gycpri1,Passeriformes,Cisticolidae (Cisticolas and Allies),Vulnerable,Schedule-IV,,Appendix II,High,Data Deficient,Data Deficient,Very Restricted,Diurnal,Diurnal,Invertebrate,No,Yes,Yes,Indian Subcontinent,Grassland and Scrub,Resident,,,Grey-crowned Prinia,Prinia cinereocapilla
Rufous-fronted Prinia,Prinia buchanani,rufpri2,Passeriformes,Cisticolidae (Cisticolas and Allies),Least Concern,Schedule-IV,,Appendix II,High,Strong Decline,Strong Decline,Large,Diurnal,Diurnal,Invertebrate,No,Yes,No,Indian Subcontinent,Grassland and Scrub,Resident,,,Rufous-fronted Prinia,Prinia buchanani
Rufescent Prinia,Prinia rufescens,rufpri1,Passeriformes,Cisticolidae (Cisticolas and Allies),Least Concern,Schedule-IV,,Appendix II,NA,NA,NA,NA,Diurnal,Diurnal,Invertebrate,No,No,No,None,None,Resident,,,Rufescent Prinia,Prinia rufescens
Gray-breasted Prinia,Prinia hodgsonii,gybpri1,Passeriformes,Cisticolidae (Cisticolas and Allies),Least Concern,Schedule-IV,,Appendix II,Low,Stable,Uncertain,Very Large,Diurnal,Diurnal,Invertebrate,No,No,No,None,None,Resident,,,Grey-breasted Prinia,Prinia hodgsonii
Delicate Prinia,Prinia lepida,delpri1,Passeriformes,Cisticolidae (Cisticolas and Allies),Least Concern,Schedule-IV,,Appendix II,Low,Data Deficient,Moderate Increase,Large,Diurnal,Diurnal,Invertebrate,No,No,No,None,Open Habitat,Resident,,,Graceful Prinia,Prinia gracilis
Jungle Prinia,Prinia sylvatica,junpri1,Passeriformes,Cisticolidae (Cisticolas and Allies),Least Concern,Schedule-IV,,Appendix II,Low,Stable,Uncertain,Large,Diurnal,Diurnal,Invertebrate,No,Yes,No,Indian Subcontinent,Grassland and Scrub,Resident,,,Jungle Prinia,Prinia sylvatica
Yellow-bellied Prinia,Prinia flaviventris,yebpri1,Passeriformes,Cisticolidae (Cisticolas and Allies),Least Concern,Schedule-IV,,Appendix II,Low,Data Deficient,Uncertain,Moderate,Diurnal,Diurnal,Invertebrate,No,No,No,None,Wetland,Resident,,,Yellow-bellied Prinia,Prinia flaviventris
Ashy Prinia,Prinia socialis,ashpri1,Passeriformes,Cisticolidae (Cisticolas and Allies),Least Concern,Schedule-IV,,Appendix II,Low,Strong Increase,Uncertain,Very Large,Diurnal,Diurnal,Invertebrate,No,Yes,No,Indian Subcontinent,None,Resident,,,Ashy Prinia,Prinia socialis
Plain Prinia,Prinia inornata,plapri1,Passeriformes,Cisticolidae (Cisticolas and Allies),Least Concern,Schedule-IV,,Appendix II,Low,Strong Increase,Uncertain,Very Large,Diurnal,Diurnal,Invertebrate,No,No,No,None,None,Resident,,,Plain Prinia,Prinia inornata
Zitting Cisticola,Cisticola juncidis,zitcis1,Passeriformes,Cisticolidae (Cisticolas and Allies),Least Concern,Schedule-IV,,Appendix II,Low,Stable,Moderate Decline,Very Large,Diurnal,Diurnal,Invertebrate,No,No,No,None,Open Habitat,Resident,,,Zitting Cisticola,Cisticola juncidis
Golden-headed Cisticola,Cisticola exilis,gohcis1,Passeriformes,Cisticolidae (Cisticolas and Allies),Least Concern,Schedule-IV,,Appendix II,Moderate,Data Deficient,Data Deficient,Moderate,Diurnal,Diurnal,Invertebrate,No,No,No,None,Grassland,Resident,1,,Golden-headed Cisticola,Cisticola exilis
Thick-billed Warbler,Arundinax aedon,thbwar1,Passeriformes,Acrocephalidae (Reed Warblers and Allies),Least Concern,Schedule-IV,,Appendix II,Low,Data Deficient,Uncertain,Moderate,Diurnal,Diurnal,Invertebrate,No,No,No,None,None,Winter Migrant,,,Thick-billed Warbler,Arundinax aedon
Booted Warbler,Iduna caligata,boowar1,Passeriformes,Acrocephalidae (Reed Warblers and Allies),Least Concern,Schedule-IV,,Appendix II,Low,Uncertain,Uncertain,Large,24 hour,Diurnal,Invertebrate,No,No,No,None,Grassland and Scrub,Winter Migrant,,,Booted Warbler,Iduna caligata
Sykes's Warbler,Iduna rama,sykwar2,Passeriformes,Acrocephalidae (Reed Warblers and Allies),Least Concern,Schedule-IV,,Appendix II,,,,,24 hour,Diurnal,Invertebrate,No,No,No,None,Wooded Habitat,Winter Migrant,,,Sykes's Warbler,Iduna rama
Black-browed Reed Warbler,Acrocephalus bistrigiceps,bbrwar1,Passeriformes,Acrocephalidae (Reed Warblers and Allies),Least Concern,Schedule-IV,,Appendix II,NA,NA,NA,NA,24 hour,Diurnal,Invertebrate,No,No,No,None,Wetland,Winter Migrant,,,Black-browed Reed Warbler,Acrocephalus bistrigiceps
Moustached Warbler,Acrocephalus melanopogon,mouwar1,Passeriformes,Acrocephalidae (Reed Warblers and Allies),Least Concern,Schedule-IV,,Appendix II,NA,NA,NA,NA,Diurnal,Diurnal,Invertebrate,No,No,No,None,Wetland,Winter Migrant,,,Moustached Warbler,Acrocephalus melanopogon
Sedge Warbler,Acrocephalus schoenobaenus,sedwar1,Passeriformes,Acrocephalidae (Reed Warblers and Allies),Least Concern,Schedule-IV,,Appendix II,NA,NA,NA,NA,24 hour,Diurnal,Invertebrate,No,No,No,None,None,Uncertain,,,Sedge Warbler,Acrocephalus schoenobaenus
Paddyfield Warbler,Acrocephalus agricola,padwar1,Passeriformes,Acrocephalidae (Reed Warblers and Allies),Least Concern,Schedule-IV,,Appendix II,Low,Uncertain,Uncertain,Large,Diurnal,No information,Invertebrate,No,No,No,None,Wetland,Winter Migrant,,,Paddyfield Warbler,Acrocephalus agricola
Blunt-winged Warbler,Acrocephalus concinens,blwwar1,Passeriformes,Acrocephalidae (Reed Warblers and Allies),Least Concern,Schedule-IV,,Appendix II,NA,NA,NA,NA,Diurnal,Diurnal,Invertebrate,No,No,No,None,Open Habitat,Winter Migrant & Localized Summer Migrant,,1,Blunt-winged Warbler,Acrocephalus concinens
Blyth's Reed Warbler,Acrocephalus dumetorum,blrwar1,Passeriformes,Acrocephalidae (Reed Warblers and Allies),Least Concern,Schedule-IV,,Appendix II,Low,Uncertain,Uncertain,Very Large,24 hour,Diurnal,Invertebrate,No,No,No,None,None,Winter Migrant,,,Blyth's Reed Warbler,Acrocephalus dumetorum
Large-billed Reed Warbler,Acrocephalus orinus,labrew1,Passeriformes,Acrocephalidae (Reed Warblers and Allies),Data Deficient,Schedule-IV,,Appendix II,NA,NA,NA,NA,Diurnal,Diurnal,Invertebrate,No,No,No,None,Wetland,Uncertain,,1,Large-billed Reed Warbler,Acrocephalus orinus
Great Reed Warbler,Acrocephalus arundinaceus,grrwar1,Passeriformes,Acrocephalidae (Reed Warblers and Allies),Least Concern,Schedule-IV,,Appendix II,NA,NA,NA,NA,24 hour,Diurnal,Invertebrate,No,No,No,None,Wetland,Uncertain,,,Great Reed Warbler,Acrocephalus arundinaceus
Oriental Reed Warbler,Acrocephalus orientalis,orrwar1,Passeriformes,Acrocephalidae (Reed Warblers and Allies),Least Concern,Schedule-IV,,Appendix II,NA,NA,NA,NA,24 hour,Diurnal,,No,No,No,None,Wetland,Winter Migrant,,,Oriental Reed Warbler,Acrocephalus orientalis
Clamorous Reed Warbler,Acrocephalus stentoreus,clrwar1,Passeriformes,Acrocephalidae (Reed Warblers and Allies),Least Concern,Schedule-IV,,Appendix II,Low,Uncertain,Uncertain,Large,24 hour,Diurnal,Invertebrate,No,No,No,None,Wetland,Resident & Local Migrant,,,Clamorous Reed Warbler,Acrocephalus stentoreus
Pallas's Grasshopper Warbler,Helopsaltes certhiola,pagwar1,Passeriformes,Locustellidae (Grassbirds and Allies),Least Concern,Schedule-IV,,Appendix II,NA,NA,NA,NA,Diurnal,Diurnal,Invertebrate,No,No,No,None,Wetland,Winter Migrant,,,Rusty-rumped Warbler,Helopsaltes certhiola
Lanceolated Warbler,Locustella lanceolata,lanwar,Passeriformes,Locustellidae (Grassbirds and Allies),Least Concern,Schedule-IV,,Appendix II,NA,NA,NA,NA,24 hour,Diurnal,Invertebrate,No,No,No,None,Wetland,Uncertain,,1,Lanceolated Warbler,Locustella lanceolata
Brown Bush Warbler,Locustella luteoventris,brbwar2,Passeriformes,Locustellidae (Grassbirds and Allies),Least Concern,Schedule-IV,,Appendix II,NA,NA,NA,NA,Diurnal,Diurnal,Invertebrate,No,No,No,None,None,Summer Migrant,,,Brown Bush Warbler,Locustella luteoventris
Common Grasshopper-Warbler,Locustella naevia,cogwar1,Passeriformes,Locustellidae (Grassbirds and Allies),Least Concern,Schedule-IV,,Appendix II,NA,NA,NA,NA,24 hour,Diurnal,Invertebrate,No,No,No,None,Grassland and Scrub,Winter Migrant,,,Grasshopper Warbler,Locustella naevia
Long-billed Bush Warbler,Locustella major,lbbwar1,Passeriformes,Locustellidae (Grassbirds and Allies),Near Threatened,Schedule-IV,,Appendix II,NA,NA,NA,NA,Diurnal,Diurnal,Invertebrate,No,No,No,None,None,Resident,,1,Long-billed Bush Warbler,Locustella major
Chinese Bush Warbler,Locustella tacsanowskia,chbwar1,Passeriformes,Locustellidae (Grassbirds and Allies),Least Concern,Schedule-IV,,Appendix II,NA,NA,NA,NA,24 hour,Diurnal,Invertebrate,No,No,No,None,Wetland,Uncertain,,1,Chinese Bush Warbler,Locustella tacsanowskia
Baikal Bush Warbler,Locustella davidi,spobuw1,Passeriformes,Locustellidae (Grassbirds and Allies),Least Concern,Schedule-IV,,Appendix II,NA,NA,NA,NA,24 hour,Diurnal,Invertebrate,No,No,No,None,Wetland,Winter Migrant,,,Baikal Bush Warbler,Locustella davidi
West Himalayan Bush Warbler,Locustella kashmirensis,spobuw2,Passeriformes,Locustellidae (Grassbirds and Allies),Least Concern,Schedule-IV,,Appendix II,High,Data Deficient,Data Deficient,Very Restricted,Diurnal,Diurnal,Invertebrate,No,No,Yes,Western Himalayas,Grassland and Scrub,Resident & Altitudinal Migrant,,,West Himalayan Bush Warbler,Locustella kashmirensis
Spotted Bush Warbler,Locustella thoracica,spobuw3,Passeriformes,Locustellidae (Grassbirds and Allies),Least Concern,Schedule-IV,,Appendix II,Moderate,Data Deficient,Data Deficient,Restricted,Diurnal,Diurnal,Invertebrate,No,No,No,None,Grassland,Resident & Winter Migrant,,,Spotted Bush Warbler,Locustella thoracica
Russet Bush Warbler,Locustella mandelli,rubwar1,Passeriformes,Locustellidae (Grassbirds and Allies),Least Concern,Schedule-IV,,Appendix II,NA,NA,NA,NA,Diurnal,Diurnal,Invertebrate,No,No,No,None,None,Resident & Altitudinal Migrant,,,Russet Bush Warbler,Locustella mandelli
Broad-tailed Grassbird,Schoenicola platyurus,brtgra2,Passeriformes,Locustellidae (Grassbirds and Allies),Vulnerable,Schedule-IV,,Appendix II,High,Data Deficient,Data Deficient,Restricted,Diurnal,Diurnal,Invertebrate,Yes,Yes,No,Western Ghats,Grassland and Scrub,Resident & Altitudinal Migrant,,,Broad-tailed Grassbird,Schoenicola platyurus
Bristled Grassbird,Schoenicola striatus,brigra2,Passeriformes,Locustellidae (Grassbirds and Allies),Vulnerable,Schedule-IV,,Appendix II,High,Data Deficient,Data Deficient,Restricted,Diurnal,Diurnal,Invertebrate,No,Yes,No,Indian Subcontinent,Wetland,Local Migrant,,,Bristled Grassbird,Schoenicola striatus
Striated Grassbird,Megalurus palustris,strgra1,Passeriformes,Locustellidae (Grassbirds and Allies),Least Concern,Schedule-IV,,Appendix II,Low,Data Deficient,Uncertain,Moderate,Diurnal,Diurnal,Invertebrate,No,No,No,None,Wetland,Resident,,,Striated Grassbird,Megalurus palustris
Scaly-breasted Cupwing,Pnoepyga albiventer,sbwbab1,Passeriformes,Pnoepygidae (Cupwings),Least Concern,Schedule-IV,,Appendix II,Low,Data Deficient,Uncertain,Moderate,Diurnal,Diurnal,Omnivore,No,No,No,None,None,Resident & Altitudinal Migrant,,,Scaly-breasted Wren Babbler,Pnoepyga albiventer
Immaculate Cupwing,Pnoepyga immaculata,immwrb1,Passeriformes,Pnoepygidae (Cupwings),Least Concern,Schedule-IV,,Appendix II,Moderate,Data Deficient,Data Deficient,Restricted,Diurnal,Diurnal,Invertebrate,No,No,Yes,Himalayas,None,Resident & Altitudinal Migrant,,,Nepal Wren Babbler,Pnoepyga immaculata
Pygmy Cupwing,Pnoepyga pusilla,pywbab1,Passeriformes,Pnoepygidae (Cupwings),Least Concern,Schedule-IV,,Appendix II,Low,Data Deficient,Uncertain,Moderate,Diurnal,Diurnal,Invertebrate,No,No,No,None,Forest,Resident & Altitudinal Migrant,,,Pygmy Wren Babbler,Pnoepyga pusilla
Gray-throated Martin,Riparia chinensis,gytmar1,Passeriformes,Hirundinidae (Swallows),Least Concern,Schedule-IV,,,Low,Stable,Uncertain,Large,Diurnal,Diurnal,Invertebrate,No,No,No,None,Wetland,Resident,,,Grey-throated Martin,Riparia chinensis
Bank Swallow,Riparia riparia,banswa,Passeriformes,Hirundinidae (Swallows),Least Concern,Schedule-IV,,,NA,NA,NA,NA,Diurnal,Diurnal,Invertebrate,No,No,No,None,Wetland,Winter Migrant,,,Sand Martin,Riparia riparia
Pale Sand Martin,Riparia diluta,pasmar1,Passeriformes,Hirundinidae (Swallows),Least Concern,Schedule-IV,,,NA,NA,NA,NA,Diurnal,Diurnal,Invertebrate,No,No,No,None,Wetland,Resident & Winter Migrant,,,Pale Martin,Riparia diluta
Eurasian Crag-Martin,Ptyonoprogne rupestris,eurcrm1,Passeriformes,Hirundinidae (Swallows),Least Concern,Schedule-IV,,,Moderate,Strong Decline,Uncertain,Moderate,Diurnal,Diurnal,Invertebrate,No,No,No,None,None,Local Migrant,,,Eurasian Crag Martin,Ptyonoprogne rupestris
Dusky Crag-Martin,Ptyonoprogne concolor,duscrm1,Passeriformes,Hirundinidae (Swallows),Least Concern,Schedule-IV,,,Low,Stable,Strong Increase,Very Large,Diurnal,Diurnal,Invertebrate,No,No,No,None,None,Resident,,,Dusky Crag Martin,Ptyonoprogne concolor
Barn Swallow,Hirundo rustica,barswa,Passeriformes,Hirundinidae (Swallows),Least Concern,Schedule-IV,,,Low,Stable,Uncertain,Very Large,Diurnal,Diurnal,Invertebrate,No,No,No,None,None,Local Migrant,,,Barn Swallow,Hirundo rustica
Wire-tailed Swallow,Hirundo smithii,witswa1,Passeriformes,Hirundinidae (Swallows),Least Concern,Schedule-IV,,,Low,Stable,Uncertain,Very Large,Diurnal,Diurnal,Invertebrate,No,No,No,None,None,Resident,,,Wire-tailed Swallow,Hirundo smithii
Hill Swallow,Hirundo domicola,pacswa3,Passeriformes,Hirundinidae (Swallows),Not Evaluated,Schedule-IV,,,Moderate,Data Deficient,Uncertain,Restricted,Diurnal,Diurnal,Invertebrate,No,Yes,No,Western Ghats & Sri Lanka,None,Resident,,,Hill Swallow,Hirundo domicola
Pacific Swallow,Hirundo tahitica,pacswa1,Passeriformes,Hirundinidae (Swallows),Least Concern,Schedule-IV,,,NA,NA,NA,NA,Diurnal,Diurnal,Invertebrate,No,No,No,None,None,Resident,,,Pacific Swallow,Hirundo tahitica
Red-rumped Swallow,Cecropis daurica,rerswa1,Passeriformes,Hirundinidae (Swallows),Least Concern,Schedule-IV,,,Low,Stable,Uncertain,Very Large,Diurnal,Diurnal,Invertebrate,No,No,No,None,None,Resident & Winter Migrant,,,Red-rumped Swallow,Cecropis daurica
Striated Swallow,Cecropis striolata,strswa2,Passeriformes,Hirundinidae (Swallows),Least Concern,Schedule-IV,,,NA,NA,NA,NA,Diurnal,Diurnal,Invertebrate,No,No,No,None,None,Resident,,,Striated Swallow,Cecropis striolata
Streak-throated Swallow,Petrochelidon fluvicola,sttswa2,Passeriformes,Hirundinidae (Swallows),Least Concern,Schedule-IV,,,Low,Stable,Strong Increase,Very Large,Diurnal,Diurnal,Invertebrate,No,No,No,None,Open Habitat,Resident,,,Streak-throated Swallow,Petrochelidon fluvicola
Common House-Martin,Delichon urbicum,cohmar1,Passeriformes,Hirundinidae (Swallows),Least Concern,Schedule-IV,,,NA,NA,NA,NA,Diurnal,Diurnal,Invertebrate,No,No,No,None,None,Winter Migrant & Localized Summer Migrant,,,Northern House Martin,Delichon urbicum
Asian House-Martin,Delichon dasypus,ashmar1,Passeriformes,Hirundinidae (Swallows),Least Concern,Schedule-IV,,,NA,NA,NA,NA,Diurnal,Diurnal,Invertebrate,No,No,No,None,None,Local Migrant,,,Asian House Martin,Delichon dasypus
Nepal House-Martin,Delichon nipalense,nephom1,Passeriformes,Hirundinidae (Swallows),Least Concern,Schedule-IV,,,Moderate,Data Deficient,Uncertain,Restricted,Diurnal,Diurnal,Invertebrate,No,No,No,None,None,Resident & Local Migrant,,,Nepal House Martin,Delichon nipalense
Gray-headed Bulbul,Brachypodius priocephalus,gyhbul1,Passeriformes,Pycnonotidae (Bulbuls),Near Threatened,Schedule-IV,,,Moderate,Data Deficient,Uncertain,Moderate,Diurnal,Diurnal,Fruit & Nect,Yes,Yes,No,Western Ghats,Tropical Forest,Resident,,,Grey-headed Bulbul,Brachypodius priocephalus
Black-headed Bulbul,Brachypodius melanocephalos,blhbul1,Passeriformes,Pycnonotidae (Bulbuls),Least Concern,Schedule-IV,,,NA,NA,NA,NA,Diurnal,Diurnal,Fruit & Nect,No,No,No,None,Wooded Habitat,Resident,,1,Black-headed Bulbul,Brachypodius melanocephalos
Andaman Bulbul,Brachypodius fuscoflavescens,andbul1,Passeriformes,Pycnonotidae (Bulbuls),Least Concern,Schedule-IV,,,Moderate,Data Deficient,Uncertain,Restricted,Diurnal,Diurnal,Fruit & Nect,Yes,Yes,No,Andaman Islands,Tropical Forest,Resident,,,Andaman Bulbul,Brachypodius fuscoflavescens
Black-crested Bulbul,Rubigula flaviventris,blcbul2,Passeriformes,Pycnonotidae (Bulbuls),Least Concern,Schedule-IV,,,Low,Uncertain,Uncertain,Moderate,Diurnal,Diurnal,Fruit & Nect,No,No,No,None,Wooded Habitat,Resident,,,Black-crested Bulbul,Rubigula flaviventris
Flame-throated Bulbul,Rubigula gularis,bkcbul1,Passeriformes,Pycnonotidae (Bulbuls),Least Concern,Schedule-IV,,,Moderate,Moderate Decline,Uncertain,Moderate,Diurnal,Diurnal,Fruit & Nect,Yes,Yes,No,Western Ghats,Tropical Forest,Resident,,,Flame-throated Bulbul,Rubigula gularis
Crested Finchbill,Spizixos canifrons,crefin1,Passeriformes,Pycnonotidae (Bulbuls),Least Concern,Schedule-IV,,,NA,NA,NA,NA,Diurnal,Diurnal,Omnivore,No,No,No,None,Forest,Resident,,,Crested Finchbill,Spizixos canifrons
Striated Bulbul,Pycnonotus striatus,strbul2,Passeriformes,Pycnonotidae (Bulbuls),Least Concern,Schedule-IV,,,Low,Data Deficient,Uncertain,Moderate,Diurnal,Diurnal,Omnivore,No,No,No,None,Forest,Resident & Altitudinal Migrant,,,Striated Bulbul,Pycnonotus striatus
Red-vented Bulbul,Pycnonotus cafer,revbul,Passeriformes,Pycnonotidae (Bulbuls),Least Concern,Schedule-IV,,,Low,Stable,Stable,Very Large,Diurnal,Diurnal,Omnivore,No,No,No,None,None,Resident,,,Red-vented Bulbul,Pycnonotus cafer
Red-whiskered Bulbul,Pycnonotus jocosus,rewbul,Passeriformes,Pycnonotidae (Bulbuls),Least Concern,Schedule-IV,,,Low,Uncertain,Uncertain,Very Large,Diurnal,Diurnal,Omnivore,No,No,No,None,None,Resident,,,Red-whiskered Bulbul,Pycnonotus jocosus
White-eared Bulbul,Pycnonotus leucotis,whebul1,Passeriformes,Pycnonotidae (Bulbuls),Least Concern,Schedule-IV,,,Low,Uncertain,Uncertain,Large,Diurnal,Diurnal,Omnivore,No,No,No,None,None,Resident,,,White-eared Bulbul,Pycnonotus leucotis
Himalayan Bulbul,Pycnonotus leucogenys,whcbul2,Passeriformes,Pycnonotidae (Bulbuls),Least Concern,Schedule-IV,,,Low,Uncertain,Uncertain,Moderate,Diurnal,Diurnal,Omnivore,No,No,Yes,Himalayas,None,Resident,,,Himalayan Bulbul,Pycnonotus leucogenis
Yellow-throated Bulbul,Pycnonotus xantholaemus,yetbul1,Passeriformes,Pycnonotidae (Bulbuls),Vulnerable,Schedule-IV,,,Moderate,Data Deficient,Moderate Decline,Moderate,Diurnal,Diurnal,Omnivore,Yes,Yes,No,Southern Deccan Plateau,Scrub,Resident,,,Yellow-throated Bulbul,Pycnonotus xantholaemus
Flavescent Bulbul,Pycnonotus flavescens,flabul1,Passeriformes,Pycnonotidae (Bulbuls),Least Concern,Schedule-IV,,,NA,NA,NA,NA,Diurnal,Diurnal,Omnivore,No,No,No,None,None,Resident,,,Flavescent Bulbul,Pycnonotus flavescens
White-browed Bulbul,Pycnonotus luteolus,whbbul2,Passeriformes,Pycnonotidae (Bulbuls),Least Concern,Schedule-IV,,,Low,Uncertain,Uncertain,Large,Diurnal,Diurnal,Fruit & Nect,No,Yes,No,Indian Subcontinent,Wooded Habitat,Resident,,,White-browed Bulbul,Pycnonotus luteolus
White-throated Bulbul,Alophoixus flaveolus,whtbul1,Passeriformes,Pycnonotidae (Bulbuls),Least Concern,Schedule-IV,,,Low,Uncertain,Uncertain,Moderate,Diurnal,Diurnal,Fruit & Nect,No,No,No,None,Tropical Forest,Resident,,,White-throated Bulbul,Alophoixus flaveolus
Gray-eyed Bulbul,Iole propinqua,gyebul1,Passeriformes,Pycnonotidae (Bulbuls),Least Concern,Schedule-IV,,,NA,NA,NA,NA,Diurnal,Diurnal,Omnivore,No,No,No,None,Tropical Forest,Resident,,1,Gray-eyed Bulbul,Iole propinqua
Cachar Bulbul,Iole cacharensis,cacbul1,Passeriformes,Pycnonotidae (Bulbuls),Least Concern,Schedule-IV,,,High,Data Deficient,Data Deficient,Very Restricted,Diurnal,Diurnal,Omnivore,No,No,No,Northern Myanmar Lowlands,Tropical Forest,Resident,,,Cachar Bulbul,Iole cacharensis
Yellow-browed Bulbul,Iole indica,yebbul3,Passeriformes,Pycnonotidae (Bulbuls),Least Concern,Schedule-IV,,,Moderate,Strong Decline,Uncertain,Moderate,Diurnal,Diurnal,Omnivore,No,Yes,No,Western Ghats & Sri Lanka,Wooded Habitat,Resident,,,Yellow-browed Bulbul,Acritillas indica
Black Bulbul,Hypsipetes leucocephalus,blabul1,Passeriformes,Pycnonotidae (Bulbuls),Least Concern,Schedule-IV,,,Low,Uncertain,Uncertain,Large,Diurnal,Diurnal,Fruit & Nect,No,No,No,None,Wooded Habitat,Resident & Altitudinal Migrant,,,Black Bulbul,Hypsipetes leucocephalus
Square-tailed Bulbul,Hypsipetes ganeesa,sqtbul1,Passeriformes,Pycnonotidae (Bulbuls),Least Concern,Schedule-IV,,,Moderate,Strong Decline,Uncertain,Moderate,Diurnal,Diurnal,Fruit & Nect,No,Yes,No,Western Ghats & Sri Lanka,Wooded Habitat,Resident,,,Square-tailed Bulbul,Hypsipetes ganeesa
Nicobar Bulbul,Hypsipetes nicobariensis,nicbul2,Passeriformes,Pycnonotidae (Bulbuls),Near Threatened,Schedule-IV,,,Moderate,Data Deficient,Data Deficient,Restricted,Diurnal,Diurnal,Omnivore,Yes,Yes,No,Nicobar Islands,Wooded Habitat,Resident,,,Nicobar Bulbul,Ixos nicobariensis
Ashy Bulbul,Hemixos flavala,ashbul1,Passeriformes,Pycnonotidae (Bulbuls),Least Concern,Schedule-IV,,,Low,Uncertain,Uncertain,Moderate,Diurnal,Diurnal,Omnivore,No,No,No,None,Wooded Habitat,Resident,,,Ashy Bulbul,Hemixos flavala
Mountain Bulbul,Ixos mcclellandii,moubul2,Passeriformes,Pycnonotidae (Bulbuls),Least Concern,Schedule-IV,,,Low,Data Deficient,Uncertain,Moderate,Diurnal,Diurnal,Omnivore,No,No,No,None,Forest,Resident,,,Mountain Bulbul,Ixos mcclellandii
Wood Warbler,Phylloscopus sibilatrix,woowar,Passeriformes,Phylloscopidae (Leaf Warblers),Least Concern,Schedule-IV,,Appendix II,NA,NA,NA,NA,Diurnal,Diurnal,Invertebrate,No,No,No,None,None,Uncertain,,1,Wood Warbler,Phylloscopus sibilatrix
Ashy-throated Warbler,Phylloscopus maculipennis,astwar2,Passeriformes,Phylloscopidae (Leaf Warblers),Least Concern,Schedule-IV,,Appendix II,Low,Uncertain,Uncertain,Moderate,Diurnal,Diurnal,Invertebrate,No,No,No,None,Temperate Forest,Resident & Altitudinal Migrant,,,Ashy-throated Warbler,Phylloscopus maculipennis
Buff-barred Warbler,Phylloscopus pulcher,bubwar1,Passeriformes,Phylloscopidae (Leaf Warblers),Least Concern,Schedule-IV,,Appendix II,Low,Uncertain,Uncertain,Moderate,Diurnal,Diurnal,Invertebrate,No,No,No,None,Temperate Forest,Resident & Altitudinal Migrant,,,Buff-barred Warbler,Phylloscopus pulcher
Yellow-browed Warbler,Phylloscopus inornatus,yebwar3,Passeriformes,Phylloscopidae (Leaf Warblers),Least Concern,Schedule-IV,,Appendix II,Moderate,Data Deficient,Strong Decline,Moderate,Diurnal,Diurnal,Invertebrate,No,No,No,None,Wooded Habitat,Winter Migrant,,,Yellow-browed Warbler,Phylloscopus inornatus
Hume's Warbler,Phylloscopus humei,humwar1,Passeriformes,Phylloscopidae (Leaf Warblers),Least Concern,Schedule-IV,,Appendix II,Low,Uncertain,Strong Increase,Large,Diurnal,Diurnal,Invertebrate,No,No,No,None,Wooded Habitat,Winter Migrant & Localized Summer Migrant,,,Hume's Warbler,Phylloscopus humei
Brooks's Leaf Warbler,Phylloscopus subviridis,brlwar1,Passeriformes,Phylloscopidae (Leaf Warblers),Least Concern,Schedule-IV,,Appendix II,Moderate,Data Deficient,Data Deficient,Restricted,Diurnal,Diurnal,Invertebrate,No,No,No,None,Wooded Habitat,Winter Migrant,1,,Brooks's Leaf Warbler,Phylloscopus subviridis
Chinese Leaf Warbler,Phylloscopus yunnanensis,chilew1,Passeriformes,Phylloscopidae (Leaf Warblers),Least Concern,Schedule-IV,,Appendix II,NA,NA,NA,NA,Diurnal,Diurnal,Invertebrate,No,No,No,None,None,Uncertain,,1,Chinese Leaf Warbler,Phylloscopus yunnanensis
Lemon-rumped Warbler,Phylloscopus chloronotus,parwar1,Passeriformes,Phylloscopidae (Leaf Warblers),Least Concern,Schedule-IV,,Appendix II,Moderate,Moderate Decline,Uncertain,Moderate,Diurnal,Diurnal,Invertebrate,No,No,No,None,Wooded Habitat,Resident & Altitudinal Migrant,,,Lemon-rumped Warbler,Phylloscopus chloronotus
Sichuan Leaf Warbler,Phylloscopus forresti,siclew1,Passeriformes,Phylloscopidae (Leaf Warblers),Least Concern,Schedule-IV,,Appendix II,NA,NA,NA,NA,Diurnal,Diurnal,Invertebrate,No,No,No,None,Wooded Habitat,Resident & Local Migrant,,1,Sichuan Leaf Warbler,Phylloscopus forresti
Tytler's Leaf Warbler,Phylloscopus tytleri,tylwar1,Passeriformes,Phylloscopidae (Leaf Warblers),Near Threatened,Schedule-IV,,Appendix II,High,Data Deficient,Uncertain,Very Restricted,Diurnal,Diurnal,Invertebrate,No,No,No,None,Wooded Habitat,Local Migrant,1,,Tytler's Leaf Warbler,Phylloscopus tytleri
Sulphur-bellied Warbler,Phylloscopus griseolus,subwar2,Passeriformes,Phylloscopidae (Leaf Warblers),Least Concern,Schedule-IV,,Appendix II,Moderate,Uncertain,Uncertain,Restricted,Diurnal,Diurnal,Invertebrate,No,No,No,None,None,Local Migrant,,,Sulphur-bellied Warbler,Phylloscopus griseolus
Tickell's Leaf Warbler,Phylloscopus affinis,tilwar1,Passeriformes,Phylloscopidae (Leaf Warblers),Least Concern,Schedule-IV,,Appendix II,Low,Uncertain,Uncertain,Moderate,Diurnal,Diurnal,Invertebrate,No,No,No,None,None,Local Migrant,,,Tickell's Leaf Warbler,Phylloscopus affinis
Dusky Warbler,Phylloscopus fuscatus,duswar,Passeriformes,Phylloscopidae (Leaf Warblers),Least Concern,Schedule-IV,,Appendix II,Low,Data Deficient,Uncertain,Moderate,Diurnal,Diurnal,Invertebrate,No,No,No,None,Wetland,Winter Migrant,,,Dusky Warbler,Phylloscopus fuscatus
Smoky Warbler,Phylloscopus fuligiventer,smowar1,Passeriformes,Phylloscopidae (Leaf Warblers),Least Concern,Schedule-IV,,Appendix II,Moderate,Data Deficient,Data Deficient,Restricted,Diurnal,Diurnal,Invertebrate,No,No,No,None,Open Habitat,Winter Migrant & Localized Summer Migrant,,,Smoky Warbler,Phylloscopus fuligiventer
Plain Leaf Warbler,Phylloscopus neglectus,pllwar2,Passeriformes,Phylloscopidae (Leaf Warblers),Least Concern,Schedule-IV,,Appendix II,NA,NA,NA,NA,Diurnal,Diurnal,Invertebrate,No,No,No,None,Scrub,Winter Migrant,,1,Plain Leaf Warbler,Phylloscopus neglectus
Buff-throated Warbler,Phylloscopus subaffinis,butwar1,Passeriformes,Phylloscopidae (Leaf Warblers),Least Concern,Schedule-IV,,Appendix II,NA,NA,NA,NA,Diurnal,Diurnal,Invertebrate,No,No,No,None,None,Winter Migrant & Localized Summer Migrant,,1,Buff-throated Warbler,Phylloscopus subaffinis
Willow Warbler,Phylloscopus trochilus,wlwwar,Passeriformes,Phylloscopidae (Leaf Warblers),Least Concern,Schedule-IV,,Appendix II,NA,NA,NA,NA,24 hour,Diurnal,Invertebrate,No,No,No,None,None,Uncertain,,1,Willow Warbler,Phylloscopus trochilus
Mountain Chiffchaff,Phylloscopus sindianus,mouchi2,Passeriformes,Phylloscopidae (Leaf Warblers),Least Concern,Schedule-IV,,Appendix II,Moderate,Data Deficient,Data Deficient,Moderate,Diurnal,Diurnal,Invertebrate,No,No,No,None,None,Local Migrant,,,Mountain Chiffchaff,Phylloscopus sindianus
Common Chiffchaff,Phylloscopus collybita,comchi1,Passeriformes,Phylloscopidae (Leaf Warblers),Least Concern,Schedule-IV,,Appendix II,Low,Stable,Uncertain,Large,Diurnal,Diurnal,Invertebrate,No,No,No,None,None,Winter Migrant,,,Common Chiffchaff,Phylloscopus collybita
White-spectacled Warbler,Phylloscopus intermedius,whswar1,Passeriformes,Phylloscopidae (Leaf Warblers),Least Concern,Schedule-IV,,Appendix II,Low,Data Deficient,Uncertain,Moderate,Diurnal,Diurnal,Invertebrate,No,No,No,None,Forest,Resident & Altitudinal Migrant,,,White-spectacled Warbler,Phylloscopus intermedius
Gray-cheeked Warbler,Phylloscopus poliogenys,gycwar2,Passeriformes,Phylloscopidae (Leaf Warblers),Least Concern,Schedule-IV,,Appendix II,Low,Data Deficient,Uncertain,Moderate,Diurnal,Diurnal,Invertebrate,No,No,No,None,Forest,Resident & Altitudinal Migrant,,,Grey-cheeked Warbler,Phylloscopus poliogenys
Green-crowned Warbler,Phylloscopus burkii,goswar1,Passeriformes,Phylloscopidae (Leaf Warblers),Least Concern,Schedule-IV,,Appendix II,Moderate,Data Deficient,Data Deficient,Restricted,Diurnal,Diurnal,Invertebrate,No,No,No,None,Forest,Summer Migrant & Localized Winter Migrant,,,Green-crowned Warbler,Phylloscopus burkii
Gray-crowned Warbler,Phylloscopus tephrocephalus,gycwar1,Passeriformes,Phylloscopidae (Leaf Warblers),Least Concern,Schedule-IV,,Appendix II,NA,NA,NA,NA,Diurnal,Diurnal,Invertebrate,No,No,No,None,Forest,Summer Migrant,,,Grey-crowned Warbler,Phylloscopus tephrocephalus
Whistler's Warbler,Phylloscopus whistleri,whiwar2,Passeriformes,Phylloscopidae (Leaf Warblers),Least Concern,Schedule-IV,,Appendix II,Low,Uncertain,Uncertain,Moderate,Diurnal,Diurnal,Invertebrate,No,No,No,None,Forest,Resident & Altitudinal Migrant,,,Whistler's Warbler,Phylloscopus whistleri
Green Warbler,Phylloscopus nitidus,grnwar1,Passeriformes,Phylloscopidae (Leaf Warblers),Least Concern,Schedule-IV,,Appendix II,,,,,Diurnal,Diurnal,Invertebrate,No,No,No,None,Wooded Habitat,Winter Migrant,,,Green Warbler,Phylloscopus nitidus
Greenish Warbler,Phylloscopus trochiloides,grewar3,Passeriformes,Phylloscopidae (Leaf Warblers),Least Concern,Schedule-IV,,Appendix II,Moderate,Moderate Decline,Uncertain,Large,Diurnal,Diurnal,Invertebrate,No,No,No,None,Wooded Habitat,Winter Migrant & Localized Summer Migrant,,,Greenish Warbler,Phylloscopus trochiloides
Two-barred Warbler,Phylloscopus plumbeitarsus,grewar2,Passeriformes,Phylloscopidae (Leaf Warblers),Least Concern,Schedule-IV,,Appendix II,NA,NA,NA,NA,Diurnal,Diurnal,Invertebrate,No,No,No,None,Wooded Habitat,Uncertain,,1,Two-barred Warbler,Phylloscopus plumbeitarsus
Large-billed Leaf Warbler,Phylloscopus magnirostris,lblwar1,Passeriformes,Phylloscopidae (Leaf Warblers),Least Concern,Schedule-IV,,Appendix II,Moderate,Strong Decline,Uncertain,Moderate,Diurnal,Diurnal,Invertebrate,No,No,No,None,Forest,Winter Migrant & Localized Summer Migrant,,,Large-billed Leaf Warbler,Phylloscopus magnirostris
Pale-legged Leaf Warbler,Phylloscopus tenellipes,pllwar1,Passeriformes,Phylloscopidae (Leaf Warblers),Least Concern,Schedule-IV,,Appendix II,NA,NA,NA,NA,Diurnal,Diurnal,Invertebrate,No,No,No,None,Wooded Habitat,Uncertain,,1,Pale-legged Leaf Warbler,Phylloscopus tenellipes
Sakhalin Leaf Warbler,Phylloscopus borealoides,salwar1,Passeriformes,Phylloscopidae (Leaf Warblers),Least Concern,Schedule-IV,,Appendix II,NA,NA,NA,NA,Diurnal,Diurnal,Invertebrate,No,No,No,None,Wooded Habitat,Winter Migrant,,,Sakhalin Leaf Warbler,Phylloscopus borealoides
Arctic Warbler,Phylloscopus borealis,arcwar1,Passeriformes,Phylloscopidae (Leaf Warblers),Least Concern,Schedule-IV,,Appendix II,NA,NA,NA,NA,Diurnal,Diurnal,Invertebrate,No,No,No,None,Wooded Habitat,Winter Migrant,,,Arctic Warbler,Phylloscopus borealis
Chestnut-crowned Warbler,Phylloscopus castaniceps,chcwar2,Passeriformes,Phylloscopidae (Leaf Warblers),Least Concern,Schedule-IV,,Appendix II,Low,Data Deficient,Uncertain,Moderate,Diurnal,Diurnal,Invertebrate,No,No,No,None,Temperate Forest,Resident & Altitudinal Migrant,,,Chestnut-crowned Warbler,Phylloscopus castaniceps
Yellow-vented Warbler,Phylloscopus cantator,yevwar1,Passeriformes,Phylloscopidae (Leaf Warblers),Least Concern,Schedule-IV,,Appendix II,Moderate,Data Deficient,Data Deficient,Moderate,Diurnal,Diurnal,Invertebrate,No,No,Yes,Eastern Himalayas,Forest,Resident & Altitudinal Migrant,,,Yellow-vented Warbler,Phylloscopus cantator
Western Crowned Warbler,Phylloscopus occipitalis,weclew1,Passeriformes,Phylloscopidae (Leaf Warblers),Least Concern,Schedule-IV,,Appendix II,Moderate,Strong Decline,Uncertain,Moderate,Diurnal,Diurnal,Invertebrate,No,No,No,None,Wooded Habitat,Local Migrant,,,Western Crowned Warbler,Phylloscopus occipitalis
Blyth's Leaf Warbler,Phylloscopus reguloides,blylew1,Passeriformes,Phylloscopidae (Leaf Warblers),Least Concern,Schedule-IV,,Appendix II,Low,Uncertain,Uncertain,Moderate,Diurnal,Diurnal,Invertebrate,No,No,No,None,Forest,Resident & Altitudinal Migrant,,,Blyth's Leaf Warbler,Phylloscopus reguloides
Claudia's Leaf Warbler,Phylloscopus claudiae,clalew1,Passeriformes,Phylloscopidae (Leaf Warblers),Least Concern,Schedule-IV,,Appendix II,NA,NA,NA,NA,Diurnal,Diurnal,Invertebrate,No,No,No,None,None,Uncertain,,1,Claudia's Leaf Warbler,Phylloscopus claudiae
Gray-hooded Warbler,Phylloscopus xanthoschistos,gyhwar2,Passeriformes,Phylloscopidae (Leaf Warblers),Least Concern,Schedule-IV,,Appendix II,Low,Uncertain,Uncertain,Moderate,Diurnal,Diurnal,Invertebrate,No,No,Yes,Himalayas,Wooded Habitat,Resident & Altitudinal Migrant,,,Grey-hooded Warbler,Phylloscopus xanthoschistos
Pale-footed Bush Warbler,Urosphena pallidipes,pfbwar1,Passeriformes,Scotocercidae (Bush Warblers and Allies),Least Concern,Schedule-IV,,,Moderate,Data Deficient,Data Deficient,Restricted,Diurnal,Diurnal,Invertebrate,No,No,No,None,None,Resident,1,,Pale-footed Bush Warbler,Urosphena pallidipes
Asian Stubtail,Urosphena squameiceps,asistu1,Passeriformes,Scotocercidae (Bush Warblers and Allies),Least Concern,Schedule-IV,,,NA,NA,NA,NA,Diurnal,Diurnal,Invertebrate,No,No,No,None,Tropical Forest,Uncertain,,1,Asian Stubtail,Urosphena squameiceps
Gray-bellied Tesia,Tesia cyaniventer,gybtes1,Passeriformes,Scotocercidae (Bush Warblers and Allies),Least Concern,Schedule-IV,,,Low,Data Deficient,Uncertain,Moderate,Diurnal,Diurnal,Invertebrate,No,No,No,None,Forest,Resident & Altitudinal Migrant,,,Grey-bellied Tesia,Tesia cyaniventer
Slaty-bellied Tesia,Tesia olivea,slbtes1,Passeriformes,Scotocercidae (Bush Warblers and Allies),Least Concern,Schedule-IV,,,Low,Data Deficient,Uncertain,Moderate,Diurnal,Diurnal,Invertebrate,No,No,No,None,Forest,Resident & Altitudinal Migrant,,,Slaty-bellied Tesia,Tesia olivea
Chestnut-crowned Bush Warbler,Cettia major,ccbwar1,Passeriformes,Scotocercidae (Bush Warblers and Allies),Least Concern,Schedule-IV,,,NA,NA,NA,NA,Diurnal,Diurnal,Invertebrate,No,No,No,None,Grassland and Scrub,Resident & Altitudinal Migrant,,,Chestnut-crowned Bush Warbler,Cettia major
Gray-sided Bush Warbler,Cettia brunnifrons,gysbuw1,Passeriformes,Scotocercidae (Bush Warblers and Allies),Least Concern,Schedule-IV,,,Low,Data Deficient,Uncertain,Moderate,Diurnal,Diurnal,Invertebrate,No,No,No,None,None,Resident & Altitudinal Migrant,,,Grey-sided Bush Warbler,Cettia brunnifrons
Chestnut-headed Tesia,Cettia castaneocoronata,chhtes1,Passeriformes,Scotocercidae (Bush Warblers and Allies),Least Concern,Schedule-IV,,,Low,Uncertain,Uncertain,Moderate,Diurnal,Diurnal,Invertebrate,No,No,No,None,Forest,Resident & Altitudinal Migrant,,,Chestnut-headed Tesia,Cettia castaneocoronata
Cetti's Warbler,Cettia cetti,cetwar1,Passeriformes,Scotocercidae (Bush Warblers and Allies),Least Concern,Schedule-IV,,,NA,NA,NA,NA,Diurnal,Diurnal,Invertebrate,No,No,No,None,Wetland,Winter Migrant,,1,Cetti's Warbler,Cettia cetti
Yellow-bellied Warbler,Abroscopus superciliaris,yebwar1,Passeriformes,Scotocercidae (Bush Warblers and Allies),Least Concern,Schedule-IV,,,Low,Data Deficient,Uncertain,Moderate,Diurnal,Diurnal,Invertebrate,No,No,No,None,Forest,Resident & Altitudinal Migrant,,,Yellow-bellied Warbler,Abroscopus superciliaris
Rufous-faced Warbler,Abroscopus albogularis,rufwar1,Passeriformes,Scotocercidae (Bush Warblers and Allies),Least Concern,Schedule-IV,,,NA,NA,NA,NA,Diurnal,Diurnal,Invertebrate,No,No,No,None,Tropical Forest,Resident & Altitudinal Migrant,,,Rufous-faced Warbler,Abroscopus albogularis
Black-faced Warbler,Abroscopus schisticeps,blfwar1,Passeriformes,Scotocercidae (Bush Warblers and Allies),Least Concern,Schedule-IV,,,Low,Data Deficient,Uncertain,Moderate,Diurnal,Diurnal,Invertebrate,No,No,No,None,Temperate Forest,Resident & Altitudinal Migrant,,,Black-faced Warbler,Abroscopus schisticeps
Mountain Tailorbird,Phyllergates cucullatus,moutai2,Passeriformes,Scotocercidae (Bush Warblers and Allies),Least Concern,Schedule-IV,,,Low,Data Deficient,Uncertain,Moderate,Diurnal,Diurnal,Invertebrate,No,No,No,None,None,Resident & Altitudinal Migrant,,,Mountain Tailorbird,Phyllergates cucullatus
Broad-billed Warbler,Tickellia hodgsoni,brbwar1,Passeriformes,Scotocercidae (Bush Warblers and Allies),Least Concern,Schedule-IV,,,Moderate,Data Deficient,Uncertain,Restricted,Diurnal,Diurnal,Invertebrate,No,No,Yes,Eastern Himalayas,Forest,Resident & Altitudinal Migrant,,,Broad-billed Warbler,Tickellia hodgsoni
Manchurian Bush Warbler,Horornis canturians,manbuw1,Passeriformes,Scotocercidae (Bush Warblers and Allies),Least Concern,Schedule-IV,,,NA,NA,NA,NA,Diurnal,Diurnal,Invertebrate,No,No,No,None,None,Uncertain,,1,Manchurian Bush Warbler,Horornis canturians
Brownish-flanked Bush Warbler,Horornis fortipes,bfbwar1,Passeriformes,Scotocercidae (Bush Warblers and Allies),Least Concern,Schedule-IV,,,Low,Uncertain,Uncertain,Moderate,Diurnal,Diurnal,Invertebrate,No,No,No,None,None,Resident & Altitudinal Migrant,,,Brownish-flanked Bush Warbler,Horornis fortipes
Hume's Bush Warbler,Horornis brunnescens,yebbuw2,Passeriformes,Scotocercidae (Bush Warblers and Allies),Least Concern,Schedule-IV,,,Moderate,Data Deficient,Data Deficient,Restricted,Diurnal,Diurnal,Invertebrate,No,No,Yes,Himalayas,Temperate Forest,Resident & Altitudinal Migrant,,,Hume's Bush Warbler,Horornis brunnescens
Aberrant Bush Warbler,Horornis flavolivaceus,abbwar1,Passeriformes,Scotocercidae (Bush Warblers and Allies),Least Concern,Schedule-IV,,,Low,Data Deficient,Uncertain,Moderate,Diurnal,Diurnal,Invertebrate,No,No,No,None,Wooded Habitat,Resident & Altitudinal Migrant,,,Aberrant Bush Warbler,Horornis flavolivaceus
White-browed Tit-Warbler,Leptopoecile sophiae,wbtwar1,Passeriformes,Aegithalidae (Long-tailed Tits),Least Concern,Schedule-IV,,,NA,NA,NA,NA,Diurnal,Diurnal,Invertebrate,No,No,No,None,None,Resident,,,White-browed Tit Warbler,Leptopoecile sophiae
Crested Tit-Warbler,Leptopoecile elegans,crtwar1,Passeriformes,Aegithalidae (Long-tailed Tits),Least Concern,Schedule-IV,,,NA,NA,NA,NA,Diurnal,Diurnal,Invertebrate,No,No,No,None,Temperate Forest,Uncertain,,1,Crested Tit Warbler,Leptopoecile elegans
White-cheeked Tit,Aegithalos leucogenys,whctit1,Passeriformes,Aegithalidae (Long-tailed Tits),Least Concern,Schedule-IV,,,NA,NA,NA,NA,Diurnal,Diurnal,Invertebrate,No,No,Yes,Western Himalayas,Temperate Forest,Uncertain,,1,White-cheeked Tit,Aegithalos leucogenys
Black-throated Tit,Aegithalos concinnus,blttit2,Passeriformes,Aegithalidae (Long-tailed Tits),Least Concern,Schedule-IV,,,Low,Uncertain,Uncertain,Moderate,Diurnal,Diurnal,Invertebrate,No,No,No,None,Wooded Habitat,Resident & Altitudinal Migrant,,,Black-throated Tit,Aegithalos concinnus
White-throated Tit,Aegithalos niveogularis,whttit1,Passeriformes,Aegithalidae (Long-tailed Tits),Least Concern,Schedule-IV,,,Moderate,Data Deficient,Data Deficient,Moderate,Diurnal,Diurnal,Invertebrate,No,Yes,Yes,Western Himalayas,Temperate Forest,Resident & Altitudinal Migrant,,,White-throated Tit,Aegithalos niveogularis
Black-browed Tit,Aegithalos iouschistos,bkbtit3,Passeriformes,Aegithalidae (Long-tailed Tits),Least Concern,Schedule-IV,,,Moderate,Data Deficient,Data Deficient,Restricted,Diurnal,Diurnal,Invertebrate,No,No,No,None,Temperate Forest,Resident & Altitudinal Migrant,,,Black-browed Tit,Aegithalos iouschistos
Eurasian Blackcap,Sylvia atricapilla,blackc1,Passeriformes,"Sylviidae (Sylviid Warblers, Parrotbills, and Allies)",Least Concern,Schedule-IV,,Appendix II,NA,NA,NA,NA,Diurnal,Diurnal,Omnivore,No,No,No,None,None,Uncertain,,1,Eurasian Blackcap,Sylvia atricapilla
Garden Warbler,Sylvia borin,garwar1,Passeriformes,"Sylviidae (Sylviid Warblers, Parrotbills, and Allies)",Least Concern,Schedule-IV,,Appendix II,NA,NA,NA,NA,Diurnal,Diurnal,Omnivore,No,No,No,None,None,Uncertain,,1,Garden Warbler,Sylvia borin
Barred Warbler,Curruca nisoria,barwar1,Passeriformes,"Sylviidae (Sylviid Warblers, Parrotbills, and Allies)",Least Concern,Schedule-IV,,Appendix II,NA,NA,NA,NA,Diurnal,Diurnal,Invertebrate,No,No,No,None,None,Uncertain,,1,Barred Warbler,Curruca nisoria
Lesser Whitethroat,Curruca curruca,leswhi4,Passeriformes,"Sylviidae (Sylviid Warblers, Parrotbills, and Allies)",Least Concern,Schedule-IV,,Appendix II,Low,Uncertain,Uncertain,Large,Diurnal,Diurnal,Invertebrate,No,No,No,None,None,Winter Migrant & Localized Summer Migrant,,,Lesser Whitethroat,Curruca curruca
Eastern Orphean Warbler,Curruca crassirostris,eaowar2,Passeriformes,"Sylviidae (Sylviid Warblers, Parrotbills, and Allies)",Least Concern,Schedule-IV,,Appendix II,Low,Data Deficient,Uncertain,Moderate,Diurnal,Diurnal,Invertebrate,No,No,No,None,None,Winter Migrant,,,Eastern Orphean Warbler,Curruca crassirostris
Asian Desert Warbler,Curruca nana,asdwar1,Passeriformes,"Sylviidae (Sylviid Warblers, Parrotbills, and Allies)",Least Concern,Schedule-IV,,Appendix II,NA,NA,NA,NA,Diurnal,Diurnal,Invertebrate,No,No,No,None,Grassland,Winter Migrant,,,Asian Desert Warbler,Curruca nana
Greater Whitethroat,Curruca communis,grewhi1,Passeriformes,"Sylviidae (Sylviid Warblers, Parrotbills, and Allies)",Least Concern,Schedule-IV,,Appendix II,NA,NA,NA,NA,Diurnal,Diurnal,Invertebrate,No,No,No,None,Scrub,Passage Migrant,,,Common Whitethroat,Curruca communis
Fire-tailed Myzornis,Myzornis pyrrhoura,fitmyz1,Passeriformes,"Sylviidae (Sylviid Warblers, Parrotbills, and Allies)",Least Concern,Schedule-IV,,Appendix II,Moderate,Data Deficient,Uncertain,Restricted,Diurnal,Diurnal,Invertebrate,No,No,Yes,Himalayas,Temperate Forest,Resident & Altitudinal Migrant,,,Fire-tailed Myzornis,Myzornis pyrrhoura
Golden-breasted Fulvetta,Lioparus chrysotis,gobful1,Passeriformes,"Sylviidae (Sylviid Warblers, Parrotbills, and Allies)",Least Concern,Schedule-IV,,Appendix II,NA,NA,NA,NA,Diurnal,Diurnal,Omnivore,No,No,No,None,Temperate Forest,Resident & Altitudinal Migrant,,,Golden-breasted Fulvetta,Lioparus chrysotis
Yellow-eyed Babbler,Chrysomma sinense,yeebab1,Passeriformes,"Sylviidae (Sylviid Warblers, Parrotbills, and Allies)",Least Concern,Schedule-IV,,Appendix II,Low,Stable,Moderate Decline,Very Large,Diurnal,Diurnal,Invertebrate,No,No,No,None,Grassland and Scrub,Resident,,,Yellow-eyed Babbler,Chrysomma sinense
Jerdon's Babbler,Chrysomma altirostre,jerbab1,Passeriformes,"Sylviidae (Sylviid Warblers, Parrotbills, and Allies)",Vulnerable,Schedule-IV,,Appendix II,High,Data Deficient,Data Deficient,Restricted,Diurnal,Diurnal,Invertebrate,No,No,No,None,Wetland,Resident,1,,Jerdon's Babbler,Chrysomma altirostre
Brown-throated Fulvetta,Fulvetta ludlowi,ludful1,Passeriformes,"Sylviidae (Sylviid Warblers, Parrotbills, and Allies)",Least Concern,Schedule-IV,,Appendix II,Moderate,Data Deficient,Uncertain,Restricted,Diurnal,Diurnal,Invertebrate,No,No,Yes,Eastern Himalayas,Temperate Forest,Resident & Altitudinal Migrant,,,Brown-throated Fulvetta,Fulvetta ludlowi
White-browed Fulvetta,Fulvetta vinipectus,whbful1,Passeriformes,"Sylviidae (Sylviid Warblers, Parrotbills, and Allies)",Least Concern,Schedule-IV,,Appendix II,Moderate,Data Deficient,Data Deficient,Restricted,Diurnal,Diurnal,Invertebrate,No,No,No,None,Temperate Forest,Resident & Altitudinal Migrant,,,White-browed Fulvetta,Fulvetta vinipectus
Streak-throated Fulvetta,Fulvetta manipurensis,sttful2,Passeriformes,"Sylviidae (Sylviid Warblers, Parrotbills, and Allies)",Least Concern,Schedule-IV,,Appendix II,NA,NA,NA,NA,Diurnal,Diurnal,Invertebrate,No,No,No,None,Temperate Forest,Resident,,,Manipur Fulvetta,Fulvetta manipurensis
Black-breasted Parrotbill,Paradoxornis flavirostris,blbpar2,Passeriformes,"Sylviidae (Sylviid Warblers, Parrotbills, and Allies)",Vulnerable,Schedule-IV,,Appendix II,High,Data Deficient,Data Deficient,Restricted,Diurnal,Diurnal,Omnivore,No,Yes,No,Assam Plains,Wetland,Resident,,,Black-breasted Parrotbill,Paradoxornis flavirostris
Spot-breasted Parrotbill,Paradoxornis guttaticollis,spbpar1,Passeriformes,"Sylviidae (Sylviid Warblers, Parrotbills, and Allies)",Least Concern,Schedule-IV,,Appendix II,NA,NA,NA,NA,Diurnal,Diurnal,Invertebrate,No,No,No,None,None,Resident,,,Spot-breasted Parrotbill,Paradoxornis guttaticollis
Great Parrotbill,Conostoma aemodium,grepar1,Passeriformes,"Sylviidae (Sylviid Warblers, Parrotbills, and Allies)",Least Concern,Schedule-IV,,Appendix II,NA,NA,NA,NA,Diurnal,Diurnal,Plant & Seed,No,No,No,None,Temperate Forest,Resident,,,Great Parrotbill,Conostoma aemodium
Brown Parrotbill,Cholornis unicolor,bropar1,Passeriformes,"Sylviidae (Sylviid Warblers, Parrotbills, and Allies)",Least Concern,Schedule-IV,,Appendix II,NA,NA,NA,NA,Diurnal,Diurnal,Plant & Seed,No,No,No,None,Temperate Forest,Resident,,,Brown Parrotbill,Cholornis unicolor
Gray-headed Parrotbill,Psittiparus gularis,gyhpar3,Passeriformes,"Sylviidae (Sylviid Warblers, Parrotbills, and Allies)",Least Concern,Schedule-IV,,Appendix II,NA,NA,NA,NA,Diurnal,Diurnal,Plant & Seed,No,No,No,None,Forest,Resident,,,Grey-headed Parrotbill,Psittiparus gularis
White-breasted Parrotbill,Psittiparus ruficeps,ruhpar3,Passeriformes,"Sylviidae (Sylviid Warblers, Parrotbills, and Allies)",Least Concern,Schedule-IV,,Appendix II,Moderate,Data Deficient,Data Deficient,Restricted,Diurnal,Diurnal,Invertebrate,No,No,Yes,Eastern Himalayas,None,Resident,,,White-breasted Parrotbill,Psittiparus ruficeps
Rufous-headed Parrotbill,Psittiparus bakeri,ruhpar2,Passeriformes,"Sylviidae (Sylviid Warblers, Parrotbills, and Allies)",Least Concern,Schedule-IV,,Appendix II,NA,NA,NA,NA,Diurnal,Diurnal,Invertebrate,No,No,No,None,None,Resident,,,Rufous-headed Parrotbill,Psittiparus bakeri
Fulvous Parrotbill,Suthora fulvifrons,fulpar1,Passeriformes,"Sylviidae (Sylviid Warblers, Parrotbills, and Allies)",Least Concern,Schedule-IV,,Appendix II,NA,NA,NA,NA,Diurnal,Diurnal,Plant & Seed,No,No,No,None,Temperate Forest,Resident,,,Fulvous Parrotbill,Suthora fulvifrons
Black-throated Parrotbill,Suthora nipalensis,bltpar1,Passeriformes,"Sylviidae (Sylviid Warblers, Parrotbills, and Allies)",Least Concern,Schedule-IV,,Appendix II,Moderate,Data Deficient,Data Deficient,Moderate,Diurnal,Diurnal,Plant & Seed,No,No,No,None,Temperate Forest,Resident & Altitudinal Migrant,,,Black-throated Parrotbill,Suthora nipalensis
Pale-billed Parrotbill,Chleuasicus atrosuperciliaris,blbpar3,Passeriformes,"Sylviidae (Sylviid Warblers, Parrotbills, and Allies)",Least Concern,Schedule-IV,,Appendix II,Moderate,Data Deficient,Data Deficient,Restricted,Diurnal,Diurnal,Plant & Seed,No,No,No,None,Forest,Resident,,,Lesser Rufous-headed Parrotbill,Chleuasicus atrosuperciliaris
Striated Yuhina,Staphida castaniceps,stryuh1,Passeriformes,"Zosteropidae (White-eyes, Yuhinas, and Allies)",Least Concern,Schedule-IV,,Appendix II,Moderate,Data Deficient,Data Deficient,Moderate,Diurnal,Diurnal,Invertebrate,No,No,No,None,Forest,Resident,,,Striated Yuhina,Staphida castaniceps
Black-chinned Yuhina,Yuhina nigrimenta,blcyuh1,Passeriformes,"Zosteropidae (White-eyes, Yuhinas, and Allies)",Least Concern,Schedule-IV,,Appendix II,Low,Data Deficient,Uncertain,Moderate,Diurnal,Diurnal,Omnivore,No,No,No,None,Forest,Resident,,,Black-chinned Yuhina,Yuhina nigrimenta
Whiskered Yuhina,Yuhina flavicollis,whiyuh1,Passeriformes,"Zosteropidae (White-eyes, Yuhinas, and Allies)",Least Concern,Schedule-IV,,Appendix II,Low,Uncertain,Uncertain,Moderate,Diurnal,Diurnal,Omnivore,No,No,No,None,Forest,Resident & Altitudinal Migrant,,,Whiskered Yuhina,Yuhina flavicollis
White-naped Yuhina,Yuhina bakeri,whnyuh1,Passeriformes,"Zosteropidae (White-eyes, Yuhinas, and Allies)",Least Concern,Schedule-IV,,Appendix II,Moderate,Data Deficient,Data Deficient,Moderate,Diurnal,Diurnal,Omnivore,No,No,Yes,Eastern Himalayas,Forest,Resident & Altitudinal Migrant,,,White-naped Yuhina,Yuhina bakeri
Stripe-throated Yuhina,Yuhina gularis,sttyuh1,Passeriformes,"Zosteropidae (White-eyes, Yuhinas, and Allies)",Least Concern,Schedule-IV,,Appendix II,Low,Data Deficient,Uncertain,Moderate,Diurnal,Diurnal,Omnivore,No,No,No,None,Temperate Forest,Resident & Altitudinal Migrant,,,Stripe-throated Yuhina,Yuhina gularis
Rufous-vented Yuhina,Yuhina occipitalis,ruvyuh1,Passeriformes,"Zosteropidae (White-eyes, Yuhinas, and Allies)",Least Concern,Schedule-IV,,Appendix II,Moderate,Data Deficient,Data Deficient,Restricted,Diurnal,Diurnal,Fruit & Nect,No,No,Yes,Eastern Himalayas,Temperate Forest,Resident & Altitudinal Migrant,,,Rufous-vented Yuhina,Yuhina occipitalis
Chestnut-flanked White-eye,Zosterops erythropleurus,cfweye1,Passeriformes,"Zosteropidae (White-eyes, Yuhinas, and Allies)",Least Concern,Schedule-IV,,Appendix II,NA,NA,NA,NA,Diurnal,Diurnal,Omnivore,No,No,No,None,Temperate Forest,Uncertain,,1,Chestnut-flanked White-eye,Zosterops erythropleurus
Indian White-eye,Zosterops palpebrosus,indwhe1,Passeriformes,"Zosteropidae (White-eyes, Yuhinas, and Allies)",Least Concern,Schedule-IV,,Appendix II,Low,Stable,Uncertain,Very Large,Diurnal,Diurnal,Omnivore,No,No,No,None,None,Resident,,,Indian White-eye,Zosterops palpebrosus
Chestnut-capped Babbler,Timalia pileata,chcbab1,Passeriformes,"Timaliidae (Tree-Babblers, Scimitar-Babblers, and Allies)",Least Concern,Schedule-IV,,Appendix II,Low,Data Deficient,Uncertain,Moderate,Diurnal,Diurnal,Invertebrate,No,No,No,None,Grassland,Resident,,,Chestnut-capped Babbler,Timalia pileata
Tawny-bellied Babbler,Dumetia hyperythra,tabbab1,Passeriformes,"Timaliidae (Tree-Babblers, Scimitar-Babblers, and Allies)",Least Concern,Schedule-IV,,Appendix II,Moderate,Moderate Decline,Uncertain,Large,Diurnal,Diurnal,Invertebrate,No,Yes,No,Indian Subcontinent,None,Resident,,,Tawny-bellied Babbler,Dumetia hyperythra
Dark-fronted Babbler,Dumetia atriceps,dafbab1,Passeriformes,"Timaliidae (Tree-Babblers, Scimitar-Babblers, and Allies)",Least Concern,Schedule-IV,,Appendix II,Moderate,Strong Decline,Uncertain,Moderate,Diurnal,Diurnal,Invertebrate,No,Yes,No,Western Ghats & Sri Lanka,Tropical Forest,Resident,,,Dark-fronted Babbler,Dumetia atriceps
Pin-striped Tit-Babbler,Mixornis gularis,sttbab1,Passeriformes,"Timaliidae (Tree-Babblers, Scimitar-Babblers, and Allies)",Least Concern,Schedule-IV,,Appendix II,Low,Uncertain,Uncertain,Moderate,Diurnal,Diurnal,Invertebrate,No,No,No,None,None,Resident,,,Pin-striped Tit Babbler,Mixornis gularis
Golden Babbler,Cyanoderma chrysaeum,golbab1,Passeriformes,"Timaliidae (Tree-Babblers, Scimitar-Babblers, and Allies)",Least Concern,Schedule-IV,,Appendix II,Low,Data Deficient,Uncertain,Moderate,Diurnal,Diurnal,Invertebrate,No,No,No,None,Forest,Resident,,,Golden Babbler,Cyanoderma chrysaeum
Black-chinned Babbler,Cyanoderma pyrrhops,blcbab2,Passeriformes,"Timaliidae (Tree-Babblers, Scimitar-Babblers, and Allies)",Least Concern,Schedule-IV,,Appendix II,Low,Uncertain,Uncertain,Moderate,Diurnal,Diurnal,Invertebrate,No,No,Yes,Himalayas,None,Resident,,,Black-chinned Babbler,Cyanoderma pyrrhops
Rufous-capped Babbler,Cyanoderma ruficeps,rucbab1,Passeriformes,"Timaliidae (Tree-Babblers, Scimitar-Babblers, and Allies)",Least Concern,Schedule-IV,,Appendix II,Low,Data Deficient,Uncertain,Moderate,Diurnal,Diurnal,Invertebrate,No,No,No,None,Forest,Resident & Altitudinal Migrant,,,Rufous-capped Babbler,Cyanoderma ruficeps
Buff-chested Babbler,Cyanoderma ambiguum,bucbab1,Passeriformes,"Timaliidae (Tree-Babblers, Scimitar-Babblers, and Allies)",Least Concern,Schedule-IV,,Appendix II,Moderate,Data Deficient,Data Deficient,Moderate,Diurnal,Diurnal,Invertebrate,No,No,No,None,None,Resident,,,Buff-chested Babbler,Cyanoderma ambiguum
Rufous-throated Wren-Babbler,Spelaeornis caudatus,rtwbab1,Passeriformes,"Timaliidae (Tree-Babblers, Scimitar-Babblers, and Allies)",Near Threatened,Schedule-IV,,Appendix II,Moderate,Data Deficient,Data Deficient,Restricted,Diurnal,Diurnal,Invertebrate,No,Yes,Yes,Eastern Himalayas,Temperate Forest,Resident & Altitudinal Migrant,,,Rufous-throated Wren Babbler,Spelaeornis caudatus
Mishmi Wren-Babbler,Spelaeornis badeigularis,miswrb1,Passeriformes,"Timaliidae (Tree-Babblers, Scimitar-Babblers, and Allies)",Vulnerable,Schedule-IV,,Appendix II,High,Data Deficient,Data Deficient,Restricted,Diurnal,Diurnal,Invertebrate,Yes,Yes,Yes,Eastern Himalayas,Temperate Forest,Resident & Altitudinal Migrant,,,Mishmi Wren Babbler,Spelaeornis badeigularis
Bar-winged Wren-Babbler,Spelaeornis troglodytoides,bwwbab1,Passeriformes,"Timaliidae (Tree-Babblers, Scimitar-Babblers, and Allies)",Least Concern,Schedule-IV,,Appendix II,High,Data Deficient,Data Deficient,Very Restricted,Diurnal,Diurnal,Invertebrate,No,No,No,None,Temperate Forest,Resident,,,Bar-winged Wren Babbler,Spelaeornis troglodytoides
Naga Wren-Babbler,Spelaeornis chocolatinus,ltwbab1,Passeriformes,"Timaliidae (Tree-Babblers, Scimitar-Babblers, and Allies)",Vulnerable,Schedule-IV,,Appendix II,High,Data Deficient,Data Deficient,Very Restricted,Diurnal,Diurnal,Invertebrate,Yes,Yes,Yes,Eastern Himalayas,None,Resident,,,Naga Wren Babbler,Spelaeornis chocolatinus
Chin Hills Wren-Babbler,Spelaeornis oatesi,chhwrb1,Passeriformes,"Timaliidae (Tree-Babblers, Scimitar-Babblers, and Allies)",Least Concern,Schedule-IV,,Appendix II,NA,NA,NA,NA,Diurnal,Diurnal,Invertebrate,No,No,No,None,None,Resident,,1,Chin Hills Wren Babbler,Spelaeornis oatesi
Tawny-breasted Wren-Babbler,Spelaeornis longicaudatus,tbwbab1,Passeriformes,"Timaliidae (Tree-Babblers, Scimitar-Babblers, and Allies)",Vulnerable,Schedule-IV,,Appendix II,High,Data Deficient,Data Deficient,Very Restricted,Diurnal,Diurnal,Invertebrate,Yes,Yes,Yes,Eastern Himalayas,None,Resident,,,Tawny-breasted Wren Babbler,Spelaeornis longicaudatus
Gray-bellied Wren-Babbler,Spelaeornis reptatus,gybwrb1,Passeriformes,"Timaliidae (Tree-Babblers, Scimitar-Babblers, and Allies)",Least Concern,Schedule-IV,,Appendix II,NA,NA,NA,NA,Diurnal,Diurnal,Invertebrate,No,No,No,None,Forest,Resident,,1,Grey-bellied Wren Babbler,Spelaeornis reptatus
Coral-billed Scimitar-Babbler,Pomatorhinus ferruginosus,cbsbab2,Passeriformes,"Timaliidae (Tree-Babblers, Scimitar-Babblers, and Allies)",Least Concern,Schedule-IV,,Appendix II,NA,NA,NA,NA,Diurnal,Diurnal,Invertebrate,No,No,No,None,Forest,Resident,,,Coral-billed Scimitar Babbler,Pomatorhinus ferruginosus
Red-billed Scimitar-Babbler,Pomatorhinus ochraceiceps,rbsbab1,Passeriformes,"Timaliidae (Tree-Babblers, Scimitar-Babblers, and Allies)",Least Concern,Schedule-IV,,Appendix II,NA,NA,NA,NA,Diurnal,Diurnal,Invertebrate,No,No,No,None,Forest,Resident,,,Red-billed Scimitar Babbler,Pomatorhinus ochraceiceps
Slender-billed Scimitar-Babbler,Pomatorhinus superciliaris,sbsbab1,Passeriformes,"Timaliidae (Tree-Babblers, Scimitar-Babblers, and Allies)",Least Concern,Schedule-IV,,Appendix II,Moderate,Data Deficient,Data Deficient,Restricted,Diurnal,Diurnal,Invertebrate,No,No,No,None,Forest,Resident & Altitudinal Migrant,,,Slender-billed Scimitar Babbler,Pomatorhinus superciliaris
Streak-breasted Scimitar-Babbler,Pomatorhinus ruficollis,sbsbab3,Passeriformes,"Timaliidae (Tree-Babblers, Scimitar-Babblers, and Allies)",Least Concern,Schedule-IV,,Appendix II,Low,Data Deficient,Uncertain,Moderate,Diurnal,Diurnal,Invertebrate,No,No,No,None,None,Resident,,,Streak-breasted Scimitar Babbler,Pomatorhinus ruficollis
White-browed Scimitar-Babbler,Pomatorhinus schisticeps,wbsbab1,Passeriformes,"Timaliidae (Tree-Babblers, Scimitar-Babblers, and Allies)",Least Concern,Schedule-IV,,Appendix II,Low,Data Deficient,Uncertain,Moderate,Diurnal,Diurnal,Invertebrate,No,No,No,None,None,Resident,,,White-browed Scimitar Babbler,Pomatorhinus schisticeps
Indian Scimitar-Babbler,Pomatorhinus horsfieldii,insbab1,Passeriformes,"Timaliidae (Tree-Babblers, Scimitar-Babblers, and Allies)",Least Concern,Schedule-IV,,Appendix II,Moderate,Moderate Decline,Uncertain,Large,Diurnal,Diurnal,Invertebrate,Yes,Yes,No,Mainland India,Tropical Forest,Resident,,,Indian Scimitar Babbler,Pomatorhinus horsfieldii
Large Scimitar-Babbler,Erythrogenys hypoleucos,lasbab1,Passeriformes,"Timaliidae (Tree-Babblers, Scimitar-Babblers, and Allies)",Least Concern,Schedule-IV,,Appendix II,NA,NA,NA,NA,Diurnal,Diurnal,Invertebrate,No,No,No,None,Forest,Resident,,,Large Scimitar Babbler,Erythrogenys hypoleucos
Rusty-cheeked Scimitar-Babbler,Erythrogenys erythrogenys,rcsbab1,Passeriformes,"Timaliidae (Tree-Babblers, Scimitar-Babblers, and Allies)",Least Concern,Schedule-IV,,Appendix II,Low,Uncertain,Uncertain,Moderate,Diurnal,Diurnal,Invertebrate,No,No,No,None,Forest,Resident,,,Rusty-cheeked Scimitar Babbler,Erythrogenys erythrogenys
Spot-breasted Scimitar-Babbler,Erythrogenys mcclellandi,spbscb1,Passeriformes,"Timaliidae (Tree-Babblers, Scimitar-Babblers, and Allies)",Least Concern,Schedule-IV,,Appendix II,Moderate,Data Deficient,Data Deficient,Restricted,Diurnal,Diurnal,Invertebrate,No,No,Yes,Eastern Himalayas,None,Resident,,,Spot-breasted Scimitar Babbler,Erythrogenys mcclellandi
Gray-throated Babbler,Stachyris nigriceps,gytbab1,Passeriformes,"Timaliidae (Tree-Babblers, Scimitar-Babblers, and Allies)",Least Concern,Schedule-IV,,Appendix II,NA,NA,NA,NA,Diurnal,Diurnal,Invertebrate,No,No,No,None,Forest,Resident & Altitudinal Migrant,,,Grey-throated Babbler,Stachyris nigriceps
Sikkim Wedge-billed Babbler,Stachyris humei,wbwbab1,Passeriformes,"Timaliidae (Tree-Babblers, Scimitar-Babblers, and Allies)",Near Threatened,Schedule-IV,,Appendix II,High,Data Deficient,Data Deficient,Very Restricted,Diurnal,Diurnal,Invertebrate,No,No,Yes,Eastern Himalayas,Temperate Forest,Resident,,,Sikkim Wedge-billed Babbler,Stachyris humei
Cachar Wedge-billed Babbler,Stachyris roberti,chbbab1,Passeriformes,"Timaliidae (Tree-Babblers, Scimitar-Babblers, and Allies)",Near Threatened,Schedule-IV,,Appendix II,Moderate,Data Deficient,Data Deficient,Restricted,Diurnal,Diurnal,Invertebrate,No,No,Yes,Eastern Himalayas,Forest,Resident,,,Cachar Wedge-billed Babbler,Stachyris roberti
Snowy-throated Babbler,Stachyris oglei,sntbab1,Passeriformes,"Timaliidae (Tree-Babblers, Scimitar-Babblers, and Allies)",Vulnerable,Schedule-IV,,Appendix II,High,Data Deficient,Data Deficient,Very Restricted,Diurnal,Diurnal,Invertebrate,No,No,Yes,Eastern Himalayas,Tropical Forest,Resident,,,Snowy-throated Babbler,Stachyris oglei
Indian Grassbird,Graminicola bengalensis,rurgra1,Passeriformes,Pellorneidae (Ground Babblers and Allies),Near Threatened,Schedule-IV,,Appendix II,Moderate,Data Deficient,Data Deficient,Restricted,Diurnal,Diurnal,Invertebrate,No,Yes,No,Indian Subcontinent,Wetland,Resident,,,Indian Grassbird,Graminicola bengalensis
White-hooded Babbler,Gampsorhynchus rufulus,whhbab2,Passeriformes,Pellorneidae (Ground Babblers and Allies),Least Concern,Schedule-IV,,Appendix II,Moderate,Data Deficient,Uncertain,Restricted,Diurnal,Diurnal,Invertebrate,No,No,No,None,Tropical Forest,Resident,,,White-hooded Babbler,Gampsorhynchus rufulus
Yellow-throated Fulvetta,Schoeniparus cinereus,yetful1,Passeriformes,Pellorneidae (Ground Babblers and Allies),Least Concern,Schedule-IV,,Appendix II,Moderate,Data Deficient,Data Deficient,Restricted,Diurnal,Diurnal,Invertebrate,No,No,Yes,Eastern Himalayas,Forest,Resident,,,Yellow-throated Fulvetta,Schoeniparus cinereus
Rufous-winged Fulvetta,Schoeniparus castaneceps,ruwful1,Passeriformes,Pellorneidae (Ground Babblers and Allies),Least Concern,Schedule-IV,,Appendix II,NA,NA,NA,NA,Diurnal,Diurnal,Invertebrate,No,No,No,None,Forest,Resident,,,Rufous-winged Fulvetta,Schoeniparus castaneceps
Rufous-throated Fulvetta,Schoeniparus rufogularis,rutful1,Passeriformes,Pellorneidae (Ground Babblers and Allies),Least Concern,Schedule-IV,,Appendix II,Moderate,Data Deficient,Data Deficient,Restricted,Diurnal,Diurnal,Invertebrate,No,No,No,None,Tropical Forest,Resident,1,,Rufous-throated Fulvetta,Schoeniparus rufogularis
Rusty-capped Fulvetta,Schoeniparus dubius,rucful1,Passeriformes,Pellorneidae (Ground Babblers and Allies),Least Concern,Schedule-IV,,Appendix II,NA,NA,NA,NA,Diurnal,Diurnal,Invertebrate,No,No,No,None,Forest,Resident,,,Rusty-capped Fulvetta,Schoeniparus dubius
Puff-throated Babbler,Pellorneum ruficeps,putbab1,Passeriformes,Pellorneidae (Ground Babblers and Allies),Least Concern,Schedule-IV,,Appendix II,Moderate,Moderate Decline,Uncertain,Large,Diurnal,Diurnal,Invertebrate,No,No,No,None,Wooded Habitat,Resident,,,Puff-throated Babbler,Pellorneum ruficeps
Marsh Babbler,Pellorneum palustre,marbab2,Passeriformes,Pellorneidae (Ground Babblers and Allies),Vulnerable,Schedule-IV,,Appendix II,High,Data Deficient,Data Deficient,Restricted,Diurnal,Diurnal,Invertebrate,No,Yes,No,Assam Plains,Wetland,Resident,,,Marsh Babbler,Pellorneum palustre
Spot-throated Babbler,Pellorneum albiventre,sptbab1,Passeriformes,Pellorneidae (Ground Babblers and Allies),Least Concern,Schedule-IV,,Appendix II,NA,NA,NA,NA,Diurnal,Diurnal,Invertebrate,No,No,No,None,None,Resident,,,Spot-throated Babbler,Pellorneum albiventre
Buff-breasted Babbler,Pellorneum tickelli,bubbab1,Passeriformes,Pellorneidae (Ground Babblers and Allies),Least Concern,Schedule-IV,,Appendix II,NA,NA,NA,NA,Diurnal,Diurnal,Invertebrate,No,No,No,None,Tropical Forest,Resident,,,Buff-breasted Babbler,Pellorneum tickelli
Rufous-vented Grass Babbler,Laticilla burnesii,ruvpri1,Passeriformes,Pellorneidae (Ground Babblers and Allies),Near Threatened,Schedule-IV,,Appendix II,Moderate,Data Deficient,Data Deficient,Restricted,Diurnal,Diurnal,Invertebrate,No,Yes,No,Indus Plains,Wetland,Resident,,,Rufous-vented Grass Babbler,Laticilla burnesii
Swamp Grass Babbler,Laticilla cinerascens,swapri1,Passeriformes,Pellorneidae (Ground Babblers and Allies),Endangered,Schedule-IV,,Appendix II,High,Data Deficient,Data Deficient,Very Restricted,Diurnal,Diurnal,Invertebrate,No,Yes,No,Assam Plains,Wetland,Resident,,,Swamp Grass Babbler,Laticilla cinerascens
Abbott's Babbler,Malacocincla abbotti,abbbab1,Passeriformes,Pellorneidae (Ground Babblers and Allies),Least Concern,Schedule-IV,,Appendix II,Low,Data Deficient,Uncertain,Moderate,Diurnal,Diurnal,Invertebrate,No,No,No,None,Tropical Forest,Resident,,,Abbott's Babbler,Malacocincla abbotti
Streaked Wren-Babbler,Gypsophila brevicaudata,stwbab1,Passeriformes,Pellorneidae (Ground Babblers and Allies),Least Concern,Schedule-IV,,Appendix II,NA,NA,NA,NA,Diurnal,Diurnal,Invertebrate,No,No,No,None,Forest,Resident,,,Streaked Wren Babbler,Gypsophila brevicaudata
Eyebrowed Wren-Babbler,Napothera epilepidota,eywbab1,Passeriformes,Pellorneidae (Ground Babblers and Allies),Least Concern,Schedule-IV,,Appendix II,NA,NA,NA,NA,Diurnal,Diurnal,Invertebrate,No,No,No,None,Forest,Resident & Altitudinal Migrant,,,Eyebrowed Wren Babbler,Napothera epilepidota
Long-billed Wren-Babbler,Napothera malacoptila,lbwbab1,Passeriformes,Pellorneidae (Ground Babblers and Allies),Least Concern,Schedule-IV,,Appendix II,Moderate,Data Deficient,Data Deficient,Restricted,Diurnal,Diurnal,Invertebrate,No,No,Yes,Eastern Himalayas,Forest,Resident,,,Long-billed Wren Babbler,Napothera malacoptila
Brown-cheeked Fulvetta,Alcippe poioicephala,brcful1,Passeriformes,Leiothrichidae (Laughingthrushes and Allies),Least Concern,Schedule-IV,,Appendix II,Moderate,Strong Decline,Uncertain,Large,Diurnal,Diurnal,Invertebrate,No,No,No,None,Tropical Forest,Resident,,,Brown-cheeked Fulvetta,Alcippe poioicephala
Nepal Fulvetta,Alcippe nipalensis,nepful1,Passeriformes,Leiothrichidae (Laughingthrushes and Allies),Least Concern,Schedule-IV,,Appendix II,Low,Data Deficient,Uncertain,Moderate,Diurnal,Diurnal,Fruit & Nect,No,No,No,None,Forest,Resident & Altitudinal Migrant,,,Nepal Fulvetta,Alcippe nipalensis
Striated Laughingthrush,Grammatoptila striata,strlau2,Passeriformes,Leiothrichidae (Laughingthrushes and Allies),Least Concern,Schedule-IV,,Appendix II,Low,Uncertain,Uncertain,Moderate,Diurnal,Diurnal,Invertebrate,No,No,Yes,Himalayas,Forest,Resident,,,Striated Laughingthrush,Grammatoptila striata
Himalayan Cutia,Cutia nipalensis,cutia1,Passeriformes,Leiothrichidae (Laughingthrushes and Allies),Least Concern,Schedule-IV,,Appendix II,Moderate,Data Deficient,Data Deficient,Restricted,Diurnal,Diurnal,Invertebrate,No,No,No,None,Temperate Forest,Resident,,,Himalayan Cutia,Cutia nipalensis
Scaly Laughingthrush,Trochalopteron subunicolor,scalau1,Passeriformes,Leiothrichidae (Laughingthrushes and Allies),Least Concern,Schedule-IV,,Appendix II,Moderate,Data Deficient,Uncertain,Restricted,Diurnal,Diurnal,Invertebrate,No,No,No,None,Temperate Forest,Resident & Altitudinal Migrant,,,Scaly Laughingthrush,Trochalopteron subunicolor
Brown-capped Laughingthrush,Trochalopteron austeni,brclau1,Passeriformes,Leiothrichidae (Laughingthrushes and Allies),Least Concern,Schedule-IV,,Appendix II,High,Data Deficient,Data Deficient,Very Restricted,Diurnal,Diurnal,Omnivore,No,No,Yes,Eastern Himalayas,Temperate Forest,Resident,,1,Brown-capped Laughingthrush,Trochalopteron austeni
Blue-winged Laughingthrush,Trochalopteron squamatum,blwlau1,Passeriformes,Leiothrichidae (Laughingthrushes and Allies),Least Concern,Schedule-IV,,Appendix II,Moderate,Data Deficient,Data Deficient,Restricted,Diurnal,Diurnal,Omnivore,No,No,Yes,Eastern Himalayas,Forest,Resident & Altitudinal Migrant,,,Blue-winged Laughingthrush,Trochalopteron squamatum
Streaked Laughingthrush,Trochalopteron lineatum,strlau1,Passeriformes,Leiothrichidae (Laughingthrushes and Allies),Least Concern,Schedule-IV,,Appendix II,Low,Uncertain,Uncertain,Moderate,Diurnal,Diurnal,Invertebrate,No,No,Yes,Himalayas,None,Resident & Altitudinal Migrant,,,Streaked Laughingthrush,Trochalopteron lineatum
Bhutan Laughingthrush,Trochalopteron imbricatum,bhulau1,Passeriformes,Leiothrichidae (Laughingthrushes and Allies),Least Concern,Schedule-IV,,Appendix II,Moderate,Data Deficient,Uncertain,Restricted,Diurnal,Diurnal,Invertebrate,No,No,Yes,Eastern Himalayas,None,Resident,,,Bhutan Laughingthrush,Trochalopteron imbricatum
Striped Laughingthrush,Trochalopteron virgatum,strlau3,Passeriformes,Leiothrichidae (Laughingthrushes and Allies),Least Concern,Schedule-IV,,Appendix II,Moderate,Data Deficient,Data Deficient,Restricted,Diurnal,Diurnal,Invertebrate,No,No,Yes,Eastern Himalayas,None,Resident,,,Striped Laughingthrush,Trochalopteron virgatum
Variegated Laughingthrush,Trochalopteron variegatum,varlau1,Passeriformes,Leiothrichidae (Laughingthrushes and Allies),Least Concern,Schedule-IV,,Appendix II,Low,Data Deficient,Uncertain,Moderate,Diurnal,Diurnal,Fruit & Nect,No,No,Yes,Himalayas,Wooded Habitat,Resident & Altitudinal Migrant,,,Variegated Laughingthrush,Trochalopteron variegatum
Black-faced Laughingthrush,Trochalopteron affine,blflau1,Passeriformes,Leiothrichidae (Laughingthrushes and Allies),Least Concern,Schedule-IV,,Appendix II,NA,NA,NA,NA,Diurnal,Diurnal,Fruit & Nect,No,No,No,None,Temperate Forest,Resident & Altitudinal Migrant,,,Black-faced Laughingthrush,Trochalopteron affine
Elliot's Laughingthrush,Trochalopteron elliotii,elllau1,Passeriformes,Leiothrichidae (Laughingthrushes and Allies),Least Concern,Schedule-IV,,Appendix II,NA,NA,NA,NA,Diurnal,Diurnal,Invertebrate,No,No,No,None,Wooded Habitat,Resident,,1,Elliot's Laughingthrush,Trochalopteron elliotii
Chestnut-crowned Laughingthrush,Trochalopteron erythrocephalum,chclau2,Passeriformes,Leiothrichidae (Laughingthrushes and Allies),Least Concern,Schedule-IV,,Appendix II,Low,Uncertain,Uncertain,Moderate,Diurnal,Diurnal,Invertebrate,No,No,Yes,Himalayas,Temperate Forest,Resident & Altitudinal Migrant,,,Chestnut-crowned Laughingthrush,Trochalopteron erythrocephalum
Assam Laughingthrush,Trochalopteron chrysopterum,asslau1,Passeriformes,Leiothrichidae (Laughingthrushes and Allies),Least Concern,Schedule-IV,,Appendix II,Moderate,Data Deficient,Data Deficient,Restricted,Diurnal,Diurnal,Invertebrate,No,No,Yes,Eastern Himalayas,Temperate Forest,Resident,,,Assam Laughingthrush,Trochalopteron chrysopterum
Banasura Laughingthrush,Montecincla jerdoni,bkclau1,Passeriformes,Leiothrichidae (Laughingthrushes and Allies),Endangered,Schedule-IV,,Appendix II,High,Data Deficient,Data Deficient,Very Restricted,Diurnal,Diurnal,,Yes,Yes,No,Western Ghats,Tropical Forest,Resident,,,Banasura Laughingthrush,Montecincla jerdoni
Nilgiri Laughingthrush,Montecincla cachinnans,bkclau2,Passeriformes,Leiothrichidae (Laughingthrushes and Allies),Endangered,Schedule-IV,,Appendix II,High,Uncertain,Uncertain,Very Restricted,Diurnal,Diurnal,Invertebrate,Yes,Yes,No,Western Ghats,Wooded Habitat,Resident,,,Nilgiri Laughingthrush,Montecincla cachinnans
Palani Laughingthrush,Montecincla fairbanki,kerlau2,Passeriformes,Leiothrichidae (Laughingthrushes and Allies),Near Threatened,Schedule-IV,,Appendix II,Moderate,Uncertain,Uncertain,Restricted,Diurnal,Diurnal,Fruit & Nect,Yes,Yes,No,Western Ghats,Wooded Habitat,Resident,,,Palani Laughingthrush,Montecincla fairbanki
Ashambu Laughingthrush,Montecincla meridionalis,kerlau3,Passeriformes,Leiothrichidae (Laughingthrushes and Allies),Vulnerable,Schedule-IV,,Appendix II,High,Data Deficient,Data Deficient,Very Restricted,Diurnal,Diurnal,,Yes,Yes,No,Western Ghats,Tropical Forest,Resident,,,Ashambu Laughingthrush,Montecincla meridionalis
Long-tailed Sibia,Heterophasia picaoides,lotsib1,Passeriformes,Leiothrichidae (Laughingthrushes and Allies),Least Concern,Schedule-IV,,Appendix II,NA,NA,NA,NA,Diurnal,Diurnal,Omnivore,No,No,No,None,Forest,Resident & Altitudinal Migrant,,,Long-tailed Sibia,Heterophasia picaoides
Rufous Sibia,Heterophasia capistrata,rufsib1,Passeriformes,Leiothrichidae (Laughingthrushes and Allies),Least Concern,Schedule-IV,,Appendix II,Low,Uncertain,Uncertain,Moderate,Diurnal,Diurnal,Omnivore,No,No,Yes,Himalayas,Wooded Habitat,Resident & Altitudinal Migrant,,,Rufous Sibia,Heterophasia capistrata
Beautiful Sibia,Heterophasia pulchella,beasib1,Passeriformes,Leiothrichidae (Laughingthrushes and Allies),Least Concern,Schedule-IV,,Appendix II,Moderate,Data Deficient,Data Deficient,Restricted,Diurnal,Diurnal,Invertebrate,No,No,Yes,Eastern Himalayas,Forest,Resident,,,Beautiful Sibia,Heterophasia pulchella
Gray Sibia,Heterophasia gracilis,grysib1,Passeriformes,Leiothrichidae (Laughingthrushes and Allies),Least Concern,Schedule-IV,,Appendix II,Moderate,Data Deficient,Data Deficient,Restricted,Diurnal,Diurnal,Invertebrate,No,No,Yes,Eastern Himalayas,Forest,Resident & Altitudinal Migrant,,,Grey Sibia,Heterophasia gracilis
Hoary-throated Barwing,Actinodura nipalensis,hotbar1,Passeriformes,Leiothrichidae (Laughingthrushes and Allies),Least Concern,Schedule-IV,,Appendix II,Moderate,Data Deficient,Uncertain,Restricted,Diurnal,Diurnal,Invertebrate,No,No,Yes,Eastern Himalayas,Temperate Forest,Resident & Altitudinal Migrant,,,Hoary-throated Barwing,Actinodura nipalensis
Streak-throated Barwing,Actinodura waldeni,sttbar1,Passeriformes,Leiothrichidae (Laughingthrushes and Allies),Least Concern,Schedule-IV,,Appendix II,Moderate,Data Deficient,Uncertain,Restricted,Diurnal,Diurnal,Omnivore,No,No,Yes,Eastern Himalayas,Temperate Forest,Resident,,,Streak-throated Barwing,Actinodura waldeni
Blue-winged Minla,Actinodura cyanouroptera,blwmin1,Passeriformes,Leiothrichidae (Laughingthrushes and Allies),Least Concern,Schedule-IV,,Appendix II,Low,Data Deficient,Uncertain,Moderate,Diurnal,Diurnal,Omnivore,No,No,No,None,Forest,Resident & Altitudinal Migrant,,,Blue-winged Minla,Actinodura cyanouroptera
Chestnut-tailed Minla,Actinodura strigula,chtmin1,Passeriformes,Leiothrichidae (Laughingthrushes and Allies),Least Concern,Schedule-IV,,Appendix II,Low,Uncertain,Uncertain,Moderate,Diurnal,Diurnal,Invertebrate,No,No,No,None,Temperate Forest,Resident & Altitudinal Migrant,,,Chestnut-tailed Minla,Actinodura strigula
Rusty-fronted Barwing,Actinodura egertoni,rufbar1,Passeriformes,Leiothrichidae (Laughingthrushes and Allies),Least Concern,Schedule-IV,,Appendix II,Low,Data Deficient,Uncertain,Moderate,Diurnal,Diurnal,Invertebrate,No,No,Yes,Eastern Himalayas,Temperate Forest,Resident,,,Rusty-fronted Barwing,Actinodura egertoni
Red-billed Leiothrix,Leiothrix lutea,reblei,Passeriformes,Leiothrichidae (Laughingthrushes and Allies),Least Concern,Schedule-IV,Appendix II,Appendix II,Low,Uncertain,Uncertain,Moderate,Diurnal,Diurnal,Invertebrate,No,No,No,None,Forest,Resident & Altitudinal Migrant,,,Red-billed Leiothrix,Leiothrix lutea
Silver-eared Mesia,Leiothrix argentauris,siemes1,Passeriformes,Leiothrichidae (Laughingthrushes and Allies),Least Concern,Schedule-IV,Appendix II,Appendix II,Low,Data Deficient,Uncertain,Moderate,Diurnal,Diurnal,Invertebrate,No,No,No,None,Forest,Resident,,,Silver-eared Mesia,Leiothrix argentauris
Red-tailed Minla,Minla ignotincta,retmin1,Passeriformes,Leiothrichidae (Laughingthrushes and Allies),Least Concern,Schedule-IV,,Appendix II,Moderate,Data Deficient,Data Deficient,Moderate,Diurnal,Diurnal,Invertebrate,No,No,No,None,Forest,Resident & Altitudinal Migrant,,,Red-tailed Minla,Minla ignotincta
Rufous-backed Sibia,Leioptila annectens,rubsib1,Passeriformes,Leiothrichidae (Laughingthrushes and Allies),Least Concern,Schedule-IV,,Appendix II,Moderate,Data Deficient,Data Deficient,Restricted,Diurnal,Diurnal,Invertebrate,No,No,No,None,Forest,Resident & Altitudinal Migrant,,,Rufous-backed Sibia,Leioptila annectens
Bugun Liocichla,Liocichla bugunorum,buglio1,Passeriformes,Leiothrichidae (Laughingthrushes and Allies),Critically Endangered,Schedule-IV,,Appendix II,High,Data Deficient,Data Deficient,Very Restricted,Diurnal,Diurnal,Omnivore,Yes,Yes,Yes,Eastern Himalayas,None,Resident,,,Bugun Liocichla,Liocichla bugunorum
Red-faced Liocichla,Liocichla phoenicea,reflio2,Passeriformes,Leiothrichidae (Laughingthrushes and Allies),Least Concern,Schedule-IV,,Appendix II,Low,Data Deficient,Uncertain,Moderate,Diurnal,Diurnal,Omnivore,No,No,No,None,None,Resident,,,Red-faced Liocichla,Liocichla phoenicea
Large Gray Babbler,Argya malcolmi,lagbab2,Passeriformes,Leiothrichidae (Laughingthrushes and Allies),Least Concern,Schedule-IV,,Appendix II,Low,Stable,Uncertain,Very Large,Diurnal,Diurnal,Invertebrate,No,Yes,No,Indian Subcontinent,None,Resident,,,Large Grey Babbler,Argya malcolmi
Slender-billed Babbler,Argya longirostris,slbbab1,Passeriformes,Leiothrichidae (Laughingthrushes and Allies),Vulnerable,Schedule-IV,,Appendix II,High,Data Deficient,Data Deficient,Restricted,Diurnal,Diurnal,Invertebrate,No,Yes,No,Indian Subcontinent,Wetland,Resident,1,,Slender-billed Babbler,Argya longirostris
Rufous Babbler,Argya subrufa,rufbab3,Passeriformes,Leiothrichidae (Laughingthrushes and Allies),Least Concern,Schedule-IV,,Appendix II,Moderate,Uncertain,Strong Decline,Moderate,Diurnal,Diurnal,Invertebrate,Yes,Yes,No,Western Ghats,None,Resident,,,Rufous Babbler,Argya subrufa
Jungle Babbler,Argya striata,junbab2,Passeriformes,Leiothrichidae (Laughingthrushes and Allies),Least Concern,Schedule-IV,,Appendix II,Low,Stable,Uncertain,Very Large,Diurnal,Diurnal,Omnivore,No,Yes,No,Indian Subcontinent,None,Resident,,,Jungle Babbler,Argya striata
Yellow-billed Babbler,Argya affinis,yebbab1,Passeriformes,Leiothrichidae (Laughingthrushes and Allies),Least Concern,Schedule-IV,,Appendix II,Low,Uncertain,Uncertain,Large,Diurnal,Diurnal,Omnivore,No,Yes,No,Indian Subcontinent,None,Resident,,,Yellow-billed Babbler,Argya affinis
Common Babbler,Argya caudata,combab3,Passeriformes,Leiothrichidae (Laughingthrushes and Allies),Least Concern,Schedule-IV,,Appendix II,Low,Stable,Uncertain,Large,Diurnal,Diurnal,Omnivore,No,Yes,No,Indian Subcontinent,None,Resident,,,Common Babbler,Argya caudata
Striated Babbler,Argya earlei,strbab1,Passeriformes,Leiothrichidae (Laughingthrushes and Allies),Least Concern,Schedule-IV,,Appendix II,Low,Data Deficient,Uncertain,Moderate,Diurnal,Diurnal,Invertebrate,No,No,No,None,Wetland,Resident,,,Striated Babbler,Argya earlei
Spot-breasted Laughingthrush,Garrulax merulinus,spblau1,Passeriformes,Leiothrichidae (Laughingthrushes and Allies),Least Concern,Schedule-IV,,Appendix II,Moderate,Data Deficient,Data Deficient,Restricted,Diurnal,Diurnal,Invertebrate,No,No,Yes,Eastern Himalayas,Tropical Forest,Resident,,,Spot-breasted Laughingthrush,Garrulax merulinus
Lesser Necklaced Laughingthrush,Garrulax monileger,lenlau1,Passeriformes,Leiothrichidae (Laughingthrushes and Allies),Least Concern,Schedule-IV,,Appendix II,Low,Data Deficient,Uncertain,Moderate,Diurnal,Diurnal,Omnivore,No,No,No,None,Forest,Resident,,,Lesser Necklaced Laughingthrush,Garrulax monileger
White-crested Laughingthrush,Garrulax leucolophus,whclau2,Passeriformes,Leiothrichidae (Laughingthrushes and Allies),Least Concern,Schedule-IV,,Appendix II,Low,Uncertain,Uncertain,Moderate,Diurnal,Diurnal,Invertebrate,No,No,No,None,Forest,Resident,,,White-crested Laughingthrush,Garrulax leucolophus
Rufous-chinned Laughingthrush,Ianthocincla rufogularis,ruclau1,Passeriformes,Leiothrichidae (Laughingthrushes and Allies),Least Concern,Schedule-IV,,Appendix II,Low,Data Deficient,Uncertain,Moderate,Diurnal,Diurnal,Invertebrate,No,No,Yes,Himalayas,Forest,Resident,,,Rufous-chinned Laughingthrush,Ianthocincla rufogularis
Moustached Laughingthrush,Ianthocincla cineracea,moulau1,Passeriformes,Leiothrichidae (Laughingthrushes and Allies),Least Concern,Schedule-IV,,Appendix II,High,Data Deficient,Data Deficient,Very Restricted,Diurnal,Diurnal,Invertebrate,No,No,Yes,Eastern Himalayas,None,Resident,,1,Moustached Laughingthrush,Ianthocincla cineracea
Spotted Laughingthrush,Ianthocincla ocellata,spolau1,Passeriformes,Leiothrichidae (Laughingthrushes and Allies),Least Concern,Schedule-IV,,Appendix II,NA,NA,NA,NA,Diurnal,Diurnal,Omnivore,No,No,No,None,Temperate Forest,Resident,,,Spotted Laughingthrush,Ianthocincla ocellata
Wayanad Laughingthrush,Pterorhinus delesserti,wynlau1,Passeriformes,Leiothrichidae (Laughingthrushes and Allies),Least Concern,Schedule-IV,,Appendix II,Moderate,Data Deficient,Data Deficient,Moderate,Diurnal,Diurnal,Invertebrate,Yes,Yes,No,Western Ghats,Tropical Forest,Resident,,,Wayanad Laughingthrush,Pterorhinus delesserti
Rufous-vented Laughingthrush,Pterorhinus gularis,ruvlau1,Passeriformes,Leiothrichidae (Laughingthrushes and Allies),Least Concern,Schedule-IV,,Appendix II,Moderate,Data Deficient,Data Deficient,Restricted,Diurnal,Diurnal,Invertebrate,No,No,Yes,Eastern Himalayas,Tropical Forest,Resident,,,Rufous-vented Laughingthrush,Pterorhinus gularis
Yellow-throated Laughingthrush,Pterorhinus galbanus,yetlau1,Passeriformes,Leiothrichidae (Laughingthrushes and Allies),Least Concern,Schedule-IV,,Appendix II,Moderate,Data Deficient,Data Deficient,Restricted,Diurnal,Diurnal,Invertebrate,No,No,Yes,Eastern Himalayas,None,Resident,,,Yellow-throated Laughingthrush,Pterorhinus galbanus
Rufous-necked Laughingthrush,Pterorhinus ruficollis,runlau1,Passeriformes,Leiothrichidae (Laughingthrushes and Allies),Least Concern,Schedule-IV,,Appendix II,Low,Data Deficient,Uncertain,Moderate,Diurnal,Diurnal,Invertebrate,No,No,No,None,None,Resident,,,Rufous-necked Laughingthrush,Pterorhinus ruficollis
Chestnut-backed Laughingthrush,Pterorhinus nuchalis,chblau1,Passeriformes,Leiothrichidae (Laughingthrushes and Allies),Near Threatened,Schedule-IV,,Appendix II,High,Data Deficient,Data Deficient,Very Restricted,Diurnal,Diurnal,Invertebrate,No,No,Yes,Eastern Himalayas,None,Resident,,,Chestnut-backed Laughingthrush,Pterorhinus nuchalis
White-browed Laughingthrush,Pterorhinus sannio,whblau1,Passeriformes,Leiothrichidae (Laughingthrushes and Allies),Least Concern,Schedule-IV,,Appendix II,NA,NA,NA,NA,Diurnal,Diurnal,Invertebrate,No,No,No,None,None,Resident,,1,White-browed Laughingthrush,Pterorhinus sannio
Greater Necklaced Laughingthrush,Pterorhinus pectoralis,gnlthr,Passeriformes,Leiothrichidae (Laughingthrushes and Allies),Least Concern,Schedule-IV,,Appendix II,Low,Data Deficient,Uncertain,Moderate,Diurnal,Diurnal,Invertebrate,No,No,No,None,Tropical Forest,Resident,,,Greater Necklaced Laughingthrush,Pterorhinus pectoralis
Mount Victoria Babax,Pterorhinus woodi,chibub1,Passeriformes,Leiothrichidae (Laughingthrushes and Allies),Least Concern,Schedule-IV,,Appendix II,NA,NA,NA,NA,Diurnal,Diurnal,Omnivore,No,No,No,None,None,Resident,,1,Mount Victoria Babax,Pterorhinus woodi
White-throated Laughingthrush,Pterorhinus albogularis,whtlau1,Passeriformes,Leiothrichidae (Laughingthrushes and Allies),Least Concern,Schedule-IV,,Appendix II,Low,Uncertain,Uncertain,Moderate,Diurnal,Diurnal,Invertebrate,No,No,No,None,Temperate Forest,Resident & Altitudinal Migrant,,,White-throated Laughingthrush,Pterorhinus albogularis
Gray-sided Laughingthrush,Pterorhinus caerulatus,gyslau,Passeriformes,Leiothrichidae (Laughingthrushes and Allies),Least Concern,Schedule-IV,,Appendix II,High,Strong Decline,Strong Decline,Restricted,Diurnal,Diurnal,Omnivore,No,No,Yes,Eastern Himalayas,Forest,Resident,,,Grey-sided Laughingthrush,Pterorhinus caerulatus
Goldcrest,Regulus regulus,goldcr1,Passeriformes,Regulidae (Kinglets),Least Concern,Schedule-IV,,Appendix II,NA,NA,NA,NA,Diurnal,Diurnal,Invertebrate,No,No,No,None,Temperate Forest,Resident & Altitudinal Migrant,,,Goldcrest,Regulus regulus
Wallcreeper,Tichodroma muraria,wallcr1,Passeriformes,Tichodromidae (Wallcreeper),Least Concern,Schedule-IV,,,Low,Uncertain,Uncertain,Moderate,Diurnal,Diurnal,Invertebrate,No,No,No,None,None,Winter Migrant & Localized Summer Migrant,1,,Wallcreeper,Tichodroma muraria
Indian Nuthatch,Sitta castanea,chbnut2,Passeriformes,Sittidae (Nuthatches),Least Concern,Schedule-IV,,,High,Strong Decline,Moderate Decline,Moderate,Diurnal,Diurnal,Invertebrate,No,Yes,No,Indian Subcontinent,Wooded Habitat,Resident,,,Indian Nuthatch,Sitta castanea
Chestnut-bellied Nuthatch,Sitta cinnamoventris,chbnut3,Passeriformes,Sittidae (Nuthatches),Least Concern,Schedule-IV,,,Low,Uncertain,Uncertain,Moderate,Diurnal,Diurnal,Invertebrate,No,No,No,None,Forest,Resident,,,Chestnut-bellied Nuthatch,Sitta cinnamoventris
Chestnut-vented Nuthatch,Sitta nagaensis,chvnut1,Passeriformes,Sittidae (Nuthatches),Least Concern,Schedule-IV,,,NA,NA,NA,NA,Diurnal,Diurnal,Invertebrate,No,No,No,None,Temperate Forest,Resident & Altitudinal Migrant,,,Chestnut-vented Nuthatch,Sitta nagaensis
Kashmir Nuthatch,Sitta cashmirensis,kasnut1,Passeriformes,Sittidae (Nuthatches),Least Concern,Schedule-IV,,,Moderate,Data Deficient,Data Deficient,Restricted,Diurnal,Diurnal,Invertebrate,No,No,Yes,Western Himalayas,Wooded Habitat,Resident & Altitudinal Migrant,,,Kashmir Nuthatch,Sitta cashmirensis
White-tailed Nuthatch,Sitta himalayensis,whtnut1,Passeriformes,Sittidae (Nuthatches),Least Concern,Schedule-IV,,,Low,Uncertain,Uncertain,Moderate,Diurnal,Diurnal,Invertebrate,No,No,Yes,Himalayas,Temperate Forest,Resident & Altitudinal Migrant,,,White-tailed Nuthatch,Sitta himalayensis
White-cheeked Nuthatch,Sitta leucopsis,whcnut1,Passeriformes,Sittidae (Nuthatches),Least Concern,Schedule-IV,,,Moderate,Data Deficient,Data Deficient,Moderate,Diurnal,Diurnal,Invertebrate,No,No,Yes,Western Himalayas,Temperate Forest,Resident & Altitudinal Migrant,,,White-cheeked Nuthatch,Sitta leucopsis
Yunnan Nuthatch,Sitta yunnanensis,yunnut1,Passeriformes,Sittidae (Nuthatches),Near Threatened,Schedule-IV,,,NA,NA,NA,NA,Diurnal,Diurnal,Invertebrate,No,No,No,None,Temperate Forest,Resident,,1,Yunnan Nuthatch,Sitta yunnanensis
Velvet-fronted Nuthatch,Sitta frontalis,vefnut1,Passeriformes,Sittidae (Nuthatches),Least Concern,Schedule-IV,,,Moderate,Moderate Decline,Uncertain,Large,Diurnal,Diurnal,Invertebrate,No,No,No,None,Wooded Habitat,Resident,,,Velvet-fronted Nuthatch,Sitta frontalis
Beautiful Nuthatch,Sitta formosa,beanut1,Passeriformes,Sittidae (Nuthatches),Vulnerable,Schedule-IV,,,High,Data Deficient,Data Deficient,Restricted,Diurnal,Diurnal,Invertebrate,No,No,No,None,Forest,Resident,,,Beautiful Nuthatch,Sitta formosa
Hodgson's Treecreeper,Certhia hodgsoni,eurtre3,Passeriformes,Certhiidae (Treecreepers),Least Concern,Schedule-IV,,,Moderate,Data Deficient,Data Deficient,Moderate,Diurnal,Diurnal,Invertebrate,No,No,No,None,Temperate Forest,Resident & Altitudinal Migrant,,,Hodgson's Treecreeper,Certhia hodgsoni
Bar-tailed Treecreeper,Certhia himalayana,battre1,Passeriformes,Certhiidae (Treecreepers),Least Concern,Schedule-IV,,,Low,Uncertain,Uncertain,Moderate,Diurnal,Diurnal,Invertebrate,No,No,No,None,Wooded Habitat,Resident & Altitudinal Migrant,,,Bar-tailed Treecreeper,Certhia himalayana
Rusty-flanked Treecreeper,Certhia nipalensis,ruftre4,Passeriformes,Certhiidae (Treecreepers),Least Concern,Schedule-IV,,,Moderate,Data Deficient,Data Deficient,Moderate,Diurnal,Diurnal,Invertebrate,No,No,Yes,Himalayas,Temperate Forest,Resident & Altitudinal Migrant,,,Rusty-flanked Treecreeper,Certhia nipalensis
Sikkim Treecreeper,Certhia discolor,bnttre1,Passeriformes,Certhiidae (Treecreepers),Least Concern,Schedule-IV,,,Moderate,Data Deficient,Uncertain,Restricted,Diurnal,Diurnal,Invertebrate,No,No,Yes,Himalayas,Temperate Forest,Resident & Altitudinal Migrant,,,Sikkim Treecreeper,Certhia discolor
Hume's Treecreeper,Certhia manipurensis,bnttre2,Passeriformes,Certhiidae (Treecreepers),Least Concern,Schedule-IV,,,NA,NA,NA,NA,Diurnal,Diurnal,Invertebrate,No,No,No,None,Temperate Forest,Resident,,1,Hume's Treecreeper,Certhia manipurensis
Indian Spotted Creeper,Salpornis spilonota,spocre3,Passeriformes,Certhiidae (Treecreepers),Least Concern,Schedule-IV,,,Moderate,Data Deficient,Data Deficient,Restricted,Diurnal,Diurnal,Invertebrate,Yes,Yes,No,Central India,Wooded Habitat,Resident,,,Indian Spotted Creeper,Salpornis spilonota
Eurasian Wren,Troglodytes troglodytes,winwre4,Passeriformes,Troglodytidae (Wrens),Least Concern,Schedule-IV,,,Low,Data Deficient,Uncertain,Moderate,Diurnal,Diurnal,Invertebrate,No,No,No,None,None,Resident & Altitudinal Migrant,,,Eurasian Wren,Troglodytes troglodytes
Spotted Elachura,Elachura formosa,spwbab1,Passeriformes,Elachuridae (Spotted Elachura),Least Concern,Schedule-IV,,,NA,NA,NA,NA,Diurnal,Diurnal,Invertebrate,No,No,No,None,Forest,Resident & Altitudinal Migrant,,,Spotted Elachura,Elachura formosa
White-throated Dipper,Cinclus cinclus,whtdip1,Passeriformes,Cinclidae (Dippers),Least Concern,Schedule-IV,,,NA,NA,NA,NA,Diurnal,Diurnal,Invertebrate,No,No,No,None,None,Resident & Altitudinal Migrant,,,White-throated Dipper,Cinclus cinclus
Brown Dipper,Cinclus pallasii,brodip1,Passeriformes,Cinclidae (Dippers),Least Concern,Schedule-IV,,,Low,Uncertain,Uncertain,Moderate,Diurnal,Diurnal,Invertebrate,No,No,No,None,Wetland,Resident & Altitudinal Migrant,,,Brown Dipper,Cinclus pallasii
Asian Glossy Starling,Aplonis panayensis,asgsta1,Passeriformes,Sturnidae (Starlings),Least Concern,Schedule-IV,,,NA,NA,NA,NA,Diurnal,Diurnal,Fruit & Nect,No,No,No,None,Wooded Habitat,Resident & Local Migrant,,1,Asian Glossy Starling,Aplonis panayensis
Golden-crested Myna,Ampeliceps coronatus,gocmyn1,Passeriformes,Sturnidae (Starlings),Least Concern,Schedule-IV,,,NA,NA,NA,NA,Diurnal,Diurnal,Fruit & Nect,No,No,No,None,Tropical Forest,Winter Migrant,,1,Golden-crested Myna,Ampeliceps coronatus
Common Hill Myna,Gracula religiosa,hilmyn,Passeriformes,Sturnidae (Starlings),Least Concern,Schedule-I,Appendix II,,Low,Uncertain,Uncertain,Moderate,Diurnal,Diurnal,Fruit & Nect,No,No,No,None,Wooded Habitat,Resident,,,Common Hill Myna,Gracula religiosa
Southern Hill Myna,Gracula indica,sohmyn1,Passeriformes,Sturnidae (Starlings),Least Concern,Schedule-I,,,Low,Uncertain,Uncertain,Moderate,Diurnal,Diurnal,,No,Yes,No,Western Ghats & Sri Lanka,Wooded Habitat,Resident,,,Southern Hill Myna,Gracula indica
European Starling,Sturnus vulgaris,eursta,Passeriformes,Sturnidae (Starlings),Least Concern,Schedule-IV,,,Moderate,Moderate Decline,Strong Decline,Moderate,Diurnal,Diurnal,Omnivore,No,No,No,None,None,Winter Migrant & Localized Summer Migrant,,,Common Starling,Sturnus vulgaris
Rosy Starling,Pastor roseus,rossta2,Passeriformes,Sturnidae (Starlings),Least Concern,Schedule-IV,,,Low,Strong Increase,Strong Increase,Very Large,Diurnal,Diurnal,Invertebrate,No,No,No,None,None,Winter Migrant,,,Rosy Starling,Pastor roseus
Daurian Starling,Agropsar sturninus,dausta1,Passeriformes,Sturnidae (Starlings),Least Concern,Schedule-IV,,,NA,NA,NA,NA,Diurnal,Diurnal,Invertebrate,No,No,No,None,Wooded Habitat,Winter Migrant,,1,Daurian Starling,Agropsar sturninus
Chestnut-cheeked Starling,Agropsar philippensis,chcsta1,Passeriformes,Sturnidae (Starlings),Least Concern,Schedule-IV,,,NA,NA,NA,NA,Diurnal,Diurnal,Fruit & Nect,No,No,No,None,None,Uncertain,,1,Chestnut-cheeked Starling,Agropsar philippensis
Asian Pied Starling,Gracupica contra,aspsta2,Passeriformes,Sturnidae (Starlings),Least Concern,Schedule-IV,,,Low,Uncertain,Uncertain,Very Large,Diurnal,Diurnal,Omnivore,No,No,No,None,None,Resident,,,Asian Pied Starling,Gracupica contra
Brahminy Starling,Sturnia pagodarum,brasta1,Passeriformes,Sturnidae (Starlings),Least Concern,Schedule-IV,,,Low,Stable,Uncertain,Very Large,Diurnal,Diurnal,Omnivore,No,No,No,None,None,Resident,,,Brahminy Starling,Sturnia pagodarum
Chestnut-tailed Starling,Sturnia malabarica,chtsta2,Passeriformes,Sturnidae (Starlings),Least Concern,Schedule-IV,,,Low,Uncertain,Uncertain,Very Large,Diurnal,Diurnal,Omnivore,No,No,No,None,Wooded Habitat,Local Migrant,,,Chestnut-tailed Starling,Sturnia malabarica
Malabar Starling,Sturnia blythii,malsta1,Passeriformes,Sturnidae (Starlings),Not Evaluated,Schedule-IV,,,Low,Data Deficient,Uncertain,Moderate,Diurnal,Diurnal,,Yes,Yes,No,Western Ghats,Wooded Habitat,Resident,,,Malabar Starling,Sturnia blythii
White-headed Starling,Sturnia erythropygia,whhsta2,Passeriformes,Sturnidae (Starlings),Least Concern,Schedule-IV,,,Moderate,Data Deficient,Uncertain,Restricted,Diurnal,Diurnal,Fruit & Nect,Yes,Yes,No,Andaman and Nicobar Islands,None,Resident,,,White-headed Starling,Sturnia erythropygia
Red-billed Starling,Spodiopsar sericeus,rebsta1,Passeriformes,Sturnidae (Starlings),Least Concern,Schedule-IV,,,NA,NA,NA,NA,Diurnal,Diurnal,Omnivore,No,No,No,None,None,Uncertain,,1,Red-billed Starling,Spodiopsar sericeus
White-cheeked Starling,Spodiopsar cineraceus,whcsta1,Passeriformes,Sturnidae (Starlings),Least Concern,Schedule-IV,,,NA,NA,NA,NA,Diurnal,Diurnal,,No,No,No,None,None,Resident,,1,White-cheeked Starling,Spodiopsar cineraceus
Common Myna,Acridotheres tristis,commyn,Passeriformes,Sturnidae (Starlings),Least Concern,Schedule-IV,,,Low,Stable,Stable,Very Large,Diurnal,Diurnal,Omnivore,No,No,No,None,None,Resident,,,Common Myna,Acridotheres tristis
Bank Myna,Acridotheres ginginianus,banmyn1,Passeriformes,Sturnidae (Starlings),Least Concern,Schedule-IV,,,Moderate,Stable,Strong Decline,Large,Diurnal,Diurnal,Omnivore,No,Yes,No,Indian Subcontinent,None,Resident,,,Bank Myna,Acridotheres ginginianus
Jungle Myna,Acridotheres fuscus,junmyn1,Passeriformes,Sturnidae (Starlings),Least Concern,Schedule-IV,,,Moderate,Uncertain,Moderate Decline,Large,Diurnal,Diurnal,Omnivore,No,No,No,None,None,Resident,,,Jungle Myna,Acridotheres fuscus
Collared Myna,Acridotheres albocinctus,colmyn1,Passeriformes,Sturnidae (Starlings),Least Concern,Schedule-IV,,,NA,NA,NA,NA,Diurnal,Diurnal,Omnivore,No,No,No,None,Open Habitat,Resident,,1,Collared Myna,Acridotheres albocinctus
Great Myna,Acridotheres grandis,whvmyn1,Passeriformes,Sturnidae (Starlings),Least Concern,Schedule-IV,,,Low,Data Deficient,Uncertain,Moderate,Diurnal,Diurnal,Invertebrate,No,No,No,None,Open Habitat,Resident,,,Great Myna,Acridotheres grandis
Spot-winged Starling,Saroglossa spilopterus,spwsta1,Passeriformes,Sturnidae (Starlings),Least Concern,Schedule-IV,,,Moderate,Data Deficient,Data Deficient,Restricted,Diurnal,Diurnal,Fruit & Nect,No,No,No,None,Wooded Habitat,Local Migrant,,,Spot-winged Starling,Saroglossa spilopterus
Grandala,Grandala coelicolor,granda1,Passeriformes,Turdidae (Thrushes and Allies),Least Concern,Schedule-IV,,Appendix II,Moderate,Data Deficient,Data Deficient,Restricted,Diurnal,Diurnal,Omnivore,No,No,No,None,None,Resident & Altitudinal Migrant,,,Grandala,Grandala coelicolor
Long-tailed Thrush,Zoothera dixoni,lotthr1,Passeriformes,Turdidae (Thrushes and Allies),Least Concern,Schedule-IV,,Appendix II,Moderate,Data Deficient,Data Deficient,Moderate,Diurnal,Diurnal,Invertebrate,No,No,No,None,None,Resident & Altitudinal Migrant,,,Long-tailed Thrush,Zoothera dixoni
Alpine Thrush,Zoothera mollissima,alpthr1,Passeriformes,Turdidae (Thrushes and Allies),Least Concern,Schedule-IV,,Appendix II,Moderate,Data Deficient,Data Deficient,Moderate,Diurnal,Diurnal,Invertebrate,No,No,No,None,None,Resident & Altitudinal Migrant,,,Alpine Thrush,Zoothera mollissima
Himalayan Thrush,Zoothera salimalii,himthr1,Passeriformes,Turdidae (Thrushes and Allies),Least Concern,Schedule-IV,,Appendix II,NA,NA,NA,NA,Diurnal,Diurnal,Invertebrate,No,No,No,None,Temperate Forest,Resident & Altitudinal Migrant,,,Himalayan Forest Thrush,Zoothera salimalii
Dark-sided Thrush,Zoothera marginata,dasthr1,Passeriformes,Turdidae (Thrushes and Allies),Least Concern,Schedule-IV,,Appendix II,Moderate,Data Deficient,Data Deficient,Restricted,Diurnal,Diurnal,Invertebrate,No,No,Yes,Himalayas,Forest,Resident & Altitudinal Migrant,,,Dark-sided Thrush,Zoothera marginata
Long-billed Thrush,Zoothera monticola,lobthr1,Passeriformes,Turdidae (Thrushes and Allies),Least Concern,Schedule-IV,,Appendix II,Low,Data Deficient,Uncertain,Moderate,Diurnal,Diurnal,Invertebrate,No,No,Yes,Himalayas,Forest,Resident & Altitudinal Migrant,,,Long-billed Thrush,Zoothera monticola
Scaly Thrush,Zoothera dauma,scathr8,Passeriformes,Turdidae (Thrushes and Allies),Least Concern,Schedule-IV,,Appendix II,Low,Data Deficient,Uncertain,Moderate,Diurnal,Diurnal,Invertebrate,No,No,No,None,Wooded Habitat,Resident & Altitudinal Migrant,,,Scaly Thrush,Zoothera dauma
Nilgiri Thrush,Zoothera neilgherriensis,scathr4,Passeriformes,Turdidae (Thrushes and Allies),Not Evaluated,Schedule-IV,,Appendix II,High,Data Deficient,Strong Decline,Restricted,Diurnal,Diurnal,Omnivore,Yes,Yes,No,Western Ghats,Tropical Forest,Resident,,,Nilgiri Thrush,Zoothera neilgherriensis
Purple Cochoa,Cochoa purpurea,purcoc1,Passeriformes,Turdidae (Thrushes and Allies),Least Concern,Schedule-IV,,Appendix II,Moderate,Data Deficient,Data Deficient,Restricted,Diurnal,Diurnal,Omnivore,No,No,No,None,Forest,Resident & Local Migrant,1,,Purple Cochoa,Cochoa purpurea
Green Cochoa,Cochoa viridis,grecoc1,Passeriformes,Turdidae (Thrushes and Allies),Least Concern,Schedule-IV,,Appendix II,NA,NA,NA,NA,Diurnal,Diurnal,Omnivore,No,No,No,None,Forest,Resident & Altitudinal Migrant,,,Green Cochoa,Cochoa viridis
Siberian Thrush,Geokichla sibirica,sibthr1,Passeriformes,Turdidae (Thrushes and Allies),Least Concern,Schedule-IV,,Appendix II,NA,NA,NA,NA,Diurnal,Diurnal,Invertebrate,No,No,No,None,Forest,Uncertain,,1,Siberian Thrush,Geokichla sibirica
Pied Thrush,Geokichla wardii,piethr1,Passeriformes,Turdidae (Thrushes and Allies),Least Concern,Schedule-IV,,Appendix II,Moderate,Data Deficient,Data Deficient,Restricted,Diurnal,Diurnal,Invertebrate,No,Yes,No,Indian Subcontinent,Wooded Habitat,Local Migrant,,,Pied Thrush,Geokichla wardii
Orange-headed Thrush,Geokichla citrina,orhthr1,Passeriformes,Turdidae (Thrushes and Allies),Least Concern,Schedule-IV,,Appendix II,Moderate,Moderate Decline,Uncertain,Large,Diurnal,Diurnal,Omnivore,No,No,No,None,Wooded Habitat,Resident & Local Migrant,,,Orange-headed Thrush,Geokichla citrina
Chinese Thrush,Otocichla mupinensis,chithr2,Passeriformes,Turdidae (Thrushes and Allies),Least Concern,Schedule-IV,,Appendix II,NA,NA,NA,NA,Diurnal,Diurnal,Omnivore,No,No,No,None,Tropical Forest,Uncertain,,1,Chinese Thrush,Otocichla mupinensis
Mistle Thrush,Turdus viscivorus,misthr1,Passeriformes,Turdidae (Thrushes and Allies),Least Concern,Schedule-IV,,Appendix II,Low,Data Deficient,Uncertain,Moderate,Diurnal,Diurnal,Omnivore,No,No,No,None,None,Resident & Altitudinal Migrant,,,Mistle Thrush,Turdus viscivorus
Song Thrush,Turdus philomelos,sonthr1,Passeriformes,Turdidae (Thrushes and Allies),Least Concern,Schedule-IV,,Appendix II,NA,NA,NA,NA,24 hour,Diurnal,Omnivore,No,No,No,None,None,Uncertain,,1,Song Thrush,Turdus philomelos
Chinese Blackbird,Turdus mandarinus,chibla1,Passeriformes,Turdidae (Thrushes and Allies),Least Concern,Schedule-IV,,Appendix II,NA,NA,NA,NA,24 hour,Diurnal,Omnivore,No,No,No,None,None,Uncertain,,1,Chinese Blackbird,Turdus mandarinus
Gray-winged Blackbird,Turdus boulboul,gywbla1,Passeriformes,Turdidae (Thrushes and Allies),Least Concern,Schedule-IV,,Appendix II,Low,Uncertain,Uncertain,Moderate,Diurnal,Diurnal,Invertebrate,No,No,No,None,Forest,Resident & Altitudinal Migrant,,,Grey-winged Blackbird,Turdus boulboul
Indian Blackbird,Turdus simillimus,eurbla2,Passeriformes,Turdidae (Thrushes and Allies),Least Concern,Schedule-IV,,Appendix II,Low,Uncertain,Uncertain,Moderate,Diurnal,Diurnal,Omnivore,No,Yes,No,Indian Subcontinent,None,Resident & Local Migrant,,,Indian Blackbird,Turdus simillimus
Japanese Thrush,Turdus cardis,japthr1,Passeriformes,Turdidae (Thrushes and Allies),Least Concern,Schedule-IV,,Appendix II,NA,NA,NA,NA,Diurnal,Diurnal,Omnivore,No,No,No,None,None,Uncertain,,1,Japanese Thrush,Turdus cardis
Tickell's Thrush,Turdus unicolor,ticthr1,Passeriformes,Turdidae (Thrushes and Allies),Least Concern,Schedule-IV,,Appendix II,Low,Uncertain,Uncertain,Moderate,Diurnal,Diurnal,Omnivore,No,Yes,No,Indian Subcontinent,Wooded Habitat,Local Migrant,,,Tickell's Thrush,Turdus unicolor
Black-breasted Thrush,Turdus dissimilis,blbthr2,Passeriformes,Turdidae (Thrushes and Allies),Least Concern,Schedule-IV,,Appendix II,NA,NA,NA,NA,Diurnal,Diurnal,Omnivore,No,No,No,None,Forest,Resident & Altitudinal Migrant,,,Black-breasted Thrush,Turdus dissimilis
Gray-sided Thrush,Turdus feae,gysthr1,Passeriformes,Turdidae (Thrushes and Allies),Vulnerable,Schedule-IV,,Appendix II,NA,NA,NA,NA,Diurnal,Diurnal,Omnivore,No,No,No,None,Forest,Winter Migrant,,1,Grey-sided Thrush,Turdus feae
Eyebrowed Thrush,Turdus obscurus,eyethr,Passeriformes,Turdidae (Thrushes and Allies),Least Concern,Schedule-IV,,Appendix II,NA,NA,NA,NA,24 hour,Diurnal,Fruit & Nect,No,No,No,None,None,Winter Migrant,,,Eyebrowed Thrush,Turdus obscurus
White-backed Thrush,Turdus kessleri,whbthr2,Passeriformes,Turdidae (Thrushes and Allies),Least Concern,Schedule-IV,,Appendix II,NA,NA,NA,NA,Diurnal,Diurnal,Omnivore,No,No,No,None,None,Winter Migrant,,1,Kessler's Thrush,Turdus kessleri
Tibetan Blackbird,Turdus maximus,tibbla1,Passeriformes,Turdidae (Thrushes and Allies),Least Concern,Schedule-IV,,Appendix II,Moderate,Data Deficient,Data Deficient,Restricted,Diurnal,Diurnal,Omnivore,No,No,Yes,Himalayas,Grassland and Scrub,Winter Migrant & Localized Summer Migrant,,,Tibetan Blackbird,Turdus maximus
Fieldfare,Turdus pilaris,fieldf,Passeriformes,Turdidae (Thrushes and Allies),Least Concern,Schedule-IV,,Appendix II,NA,NA,NA,NA,Diurnal,Diurnal,Invertebrate,No,No,No,None,None,Uncertain,,1,Fieldfare,Turdus pilaris
White-collared Blackbird,Turdus albocinctus,whcbla1,Passeriformes,Turdidae (Thrushes and Allies),Least Concern,Schedule-IV,,Appendix II,Low,Data Deficient,Uncertain,Moderate,Diurnal,Diurnal,Omnivore,No,No,Yes,Himalayas,Temperate Forest,Resident & Altitudinal Migrant,,,White-collared Blackbird,Turdus albocinctus
Chestnut Thrush,Turdus rubrocanus,chethr1,Passeriformes,Turdidae (Thrushes and Allies),Least Concern,Schedule-IV,,Appendix II,NA,NA,NA,NA,Diurnal,Diurnal,Omnivore,No,No,No,None,Wooded Habitat,Resident & Altitudinal Migrant,,,Chestnut Thrush,Turdus rubrocanus
Black-throated Thrush,Turdus atrogularis,datthr1,Passeriformes,Turdidae (Thrushes and Allies),Least Concern,Schedule-IV,,Appendix II,NA,NA,NA,NA,Diurnal,Diurnal,Invertebrate,No,No,No,None,None,Winter Migrant,,,Black-throated Thrush,Turdus atrogularis
Red-throated Thrush,Turdus ruficollis,retthr1,Passeriformes,Turdidae (Thrushes and Allies),Least Concern,Schedule-IV,,Appendix II,NA,NA,NA,NA,Diurnal,Diurnal,Invertebrate,No,No,No,None,None,Winter Migrant,,,Red-throated Thrush,Turdus ruficollis
Dusky Thrush,Turdus eunomus,dusthr2,Passeriformes,Turdidae (Thrushes and Allies),Least Concern,Schedule-IV,,Appendix II,NA,NA,NA,NA,Diurnal,Diurnal,Invertebrate,No,No,No,None,None,Winter Migrant,,,Dusky Thrush,Turdus eunomus
Naumann's Thrush,Turdus naumanni,dusthr1,Passeriformes,Turdidae (Thrushes and Allies),Least Concern,Schedule-IV,,Appendix II,NA,NA,NA,NA,Diurnal,Diurnal,Invertebrate,No,No,No,None,None,Winter Migrant,,1,Naumann's Thrush,Turdus naumanni
Dark-sided Flycatcher,Muscicapa sibirica,dasfly,Passeriformes,Muscicapidae (Old World Flycatchers),Least Concern,Schedule-IV,,Appendix II,Low,Uncertain,Uncertain,Moderate,Diurnal,Diurnal,Invertebrate,No,No,No,None,Temperate Forest,Summer Migrant,,,Dark-sided Flycatcher,Muscicapa sibirica
Ferruginous Flycatcher,Muscicapa ferruginea,ferfly1,Passeriformes,Muscicapidae (Old World Flycatchers),Least Concern,Schedule-IV,,Appendix II,NA,NA,NA,NA,Diurnal,Diurnal,Invertebrate,No,No,No,None,Temperate Forest,Summer Migrant,,,Ferruginous Flycatcher,Muscicapa ferruginea
Asian Brown Flycatcher,Muscicapa dauurica,asbfly,Passeriformes,Muscicapidae (Old World Flycatchers),Least Concern,Schedule-IV,,Appendix II,Moderate,Moderate Decline,Uncertain,Moderate,Diurnal,Diurnal,Invertebrate,No,No,No,None,Wooded Habitat,Local Migrant,,,Asian Brown Flycatcher,Muscicapa dauurica
Brown-breasted Flycatcher,Muscicapa muttui,brbfly2,Passeriformes,Muscicapidae (Old World Flycatchers),Least Concern,Schedule-IV,,Appendix II,Low,Uncertain,Uncertain,Moderate,Diurnal,Diurnal,Invertebrate,No,No,No,None,Wooded Habitat,Winter Migrant,,,Brown-breasted Flycatcher,Muscicapa muttui
Spotted Flycatcher,Muscicapa striata,spofly1,Passeriformes,Muscicapidae (Old World Flycatchers),Least Concern,Schedule-IV,,Appendix II,NA,NA,NA,NA,Diurnal,Diurnal,Invertebrate,No,No,No,None,None,Passage Migrant,,,Spotted Flycatcher,Muscicapa striata
Rufous-tailed Scrub-Robin,Cercotrichas galactotes,rutscr1,Passeriformes,Muscicapidae (Old World Flycatchers),Least Concern,Schedule-IV,,Appendix II,NA,NA,NA,NA,Diurnal,Diurnal,Invertebrate,No,No,No,None,Grassland and Scrub,Passage Migrant,,,Rufous-tailed Scrub Robin,Cercotrichas galactotes
Indian Robin,Copsychus fulicatus,indrob1,Passeriformes,Muscicapidae (Old World Flycatchers),Least Concern,Schedule-IV,,Appendix II,Low,Stable,Uncertain,Very Large,Diurnal,Diurnal,Invertebrate,No,Yes,No,Indian Subcontinent,None,Resident,,,Indian Robin,Copsychus fulicatus
Oriental Magpie-Robin,Copsychus saularis,magrob,Passeriformes,Muscicapidae (Old World Flycatchers),Least Concern,Schedule-IV,,Appendix II,Low,Stable,Stable,Very Large,Diurnal,Diurnal,Invertebrate,No,No,No,None,None,Resident,,,Oriental Magpie Robin,Copsychus saularis
White-rumped Shama,Copsychus malabaricus,whrsha,Passeriformes,Muscicapidae (Old World Flycatchers),Least Concern,Schedule-IV,,Appendix II,Low,Uncertain,Uncertain,Large,Diurnal,Diurnal,Invertebrate,No,No,No,None,Forest,Resident,,,White-rumped Shama,Copsychus malabaricus
Andaman Shama,Copsychus albiventris,andsha1,Passeriformes,Muscicapidae (Old World Flycatchers),Least Concern,Schedule-IV,,Appendix II,Moderate,Data Deficient,Uncertain,Restricted,Diurnal,Diurnal,,Yes,Yes,No,Andaman Islands,Wooded Habitat,Resident,,,Andaman Shama,Copsychus albiventris
White-gorgeted Flycatcher,Anthipes monileger,whgfly1,Passeriformes,Muscicapidae (Old World Flycatchers),Least Concern,Schedule-IV,,Appendix II,Moderate,Data Deficient,Data Deficient,Moderate,Diurnal,Diurnal,Invertebrate,No,No,No,None,Forest,Resident & Altitudinal Migrant,,,White-gorgeted Flycatcher,Anthipes monileger
Nilgiri Sholakili,Sholicola major,whbsho1,Passeriformes,Muscicapidae (Old World Flycatchers),Endangered,Schedule-IV,,Appendix II,High,Data Deficient,Uncertain,Restricted,Diurnal,Diurnal,Invertebrate,Yes,Yes,No,Western Ghats,Wooded Habitat,Resident,,,Nilgiri Sholakili,Sholicola major
White-bellied Sholakili,Sholicola albiventris,whbsho3,Passeriformes,Muscicapidae (Old World Flycatchers),Vulnerable,Schedule-IV,,Appendix II,High,Uncertain,Uncertain,Restricted,Diurnal,Diurnal,Invertebrate,Yes,Yes,No,Western Ghats,Wooded Habitat,Resident,,,White-bellied Sholakili,Sholicola albiventris
White-tailed Flycatcher,Cyornis concretus,whtfly2,Passeriformes,Muscicapidae (Old World Flycatchers),Least Concern,Schedule-IV,,Appendix II,NA,NA,NA,NA,Diurnal,Diurnal,Invertebrate,No,No,No,None,Tropical Forest,Resident & Altitudinal Migrant,,,White-tailed Blue Flycatcher,Cyornis concretus
White-bellied Blue Flycatcher,Cyornis pallidipes,wbbfly1,Passeriformes,Muscicapidae (Old World Flycatchers),Least Concern,Schedule-IV,,Appendix II,Moderate,Strong Decline,Uncertain,Moderate,Diurnal,Diurnal,Invertebrate,Yes,Yes,No,Western Ghats,Tropical Forest,Resident,,,White-bellied Blue Flycatcher,Cyornis pallidipes
Pale-chinned Blue Flycatcher,Cyornis poliogenys,pacblf1,Passeriformes,Muscicapidae (Old World Flycatchers),Least Concern,Schedule-IV,,Appendix II,Low,Data Deficient,Uncertain,Moderate,Diurnal,Diurnal,Invertebrate,No,No,No,None,Tropical Forest,Resident,,,Pale-chinned Flycatcher,Cyornis poliogenys
Pale Blue Flycatcher,Cyornis unicolor,pabfly2,Passeriformes,Muscicapidae (Old World Flycatchers),Least Concern,Schedule-IV,,Appendix II,NA,NA,NA,NA,Diurnal,Diurnal,Invertebrate,No,No,No,None,Tropical Forest,Resident & Altitudinal Migrant,,,Pale Blue Flycatcher,Cyornis unicolor
Blue-throated Flycatcher,Cyornis rubeculoides,butfly1,Passeriformes,Muscicapidae (Old World Flycatchers),Least Concern,Schedule-IV,,Appendix II,Low,Uncertain,Uncertain,Moderate,Diurnal,Diurnal,Invertebrate,No,No,No,None,Wooded Habitat,Local Migrant,,,Blue-throated Flycatcher,Cyornis rubeculoides
Large Blue Flycatcher,Cyornis magnirostris,larblf1,Passeriformes,Muscicapidae (Old World Flycatchers),Least Concern,Schedule-IV,,Appendix II,High,Data Deficient,Data Deficient,Data Deficient,Diurnal,Diurnal,Invertebrate,No,No,No,None,Temperate Forest,Summer Migrant,1,,Large Blue Flycatcher,Cyornis magnirostris
Hill Blue Flycatcher,Cyornis whitei,hibfly1,Passeriformes,Muscicapidae (Old World Flycatchers),Least Concern,Schedule-IV,,Appendix II,NA,NA,NA,NA,Diurnal,Diurnal,Invertebrate,No,No,No,None,None,Summer Migrant & Localized Winter Migrant,,1,Hill Blue Flycatcher,Cyornis banyumas
Tickell's Blue Flycatcher,Cyornis tickelliae,tibfly3,Passeriformes,Muscicapidae (Old World Flycatchers),Least Concern,Schedule-IV,,Appendix II,Low,Stable,Uncertain,Large,Diurnal,Diurnal,Invertebrate,No,Yes,No,Indian Subcontinent,Wooded Habitat,Resident,,,Tickell's Blue Flycatcher,Cyornis tickelliae
Nicobar Jungle-Flycatcher,Cyornis nicobaricus,nicjuf1,Passeriformes,Muscicapidae (Old World Flycatchers),Near Threatened,Schedule-IV,,Appendix II,Moderate,Data Deficient,Data Deficient,Restricted,Diurnal,Diurnal,,Yes,Yes,No,Nicobar Islands,Tropical Forest,Resident,,,Nicobar Jungle Flycatcher,Cyornis nicobaricus
Large Niltava,Niltava grandis,larnil1,Passeriformes,Muscicapidae (Old World Flycatchers),Least Concern,Schedule-IV,,Appendix II,Low,Data Deficient,Uncertain,Moderate,Diurnal,Diurnal,Omnivore,No,No,No,None,Forest,Resident,,,Large Niltava,Niltava grandis
Small Niltava,Niltava macgrigoriae,smanil1,Passeriformes,Muscicapidae (Old World Flycatchers),Least Concern,Schedule-IV,,Appendix II,Low,Uncertain,Uncertain,Moderate,Diurnal,Diurnal,Invertebrate,No,No,No,None,None,Resident & Altitudinal Migrant,,,Small Niltava,Niltava macgrigoriae
Rufous-bellied Niltava,Niltava sundara,rubnil1,Passeriformes,Muscicapidae (Old World Flycatchers),Least Concern,Schedule-IV,,Appendix II,Moderate,Uncertain,Strong Decline,Moderate,Diurnal,Diurnal,Invertebrate,No,No,No,None,Forest,Resident & Altitudinal Migrant,,,Rufous-bellied Niltava,Niltava sundara
Vivid Niltava,Niltava vivida,vivnil1,Passeriformes,Muscicapidae (Old World Flycatchers),Least Concern,Schedule-IV,,Appendix II,NA,NA,NA,NA,Diurnal,Diurnal,Invertebrate,No,No,No,None,Temperate Forest,Summer Migrant & Localized Winter Migrant,,1,Vivid Niltava,Niltava vivida
Blue-and-white Flycatcher,Cyanoptila cyanomelana,bawfly2,Passeriformes,Muscicapidae (Old World Flycatchers),Least Concern,Schedule-IV,,Appendix II,NA,NA,NA,NA,Diurnal,Diurnal,Invertebrate,No,No,No,None,Wooded Habitat,Winter Migrant,,1,Blue-and-white Flycatcher,Cyanoptila cyanomelana
Zappey's Flycatcher,Cyanoptila cumatilis,zapfly1,Passeriformes,Muscicapidae (Old World Flycatchers),Near Threatened,Schedule-IV,,Appendix II,NA,NA,NA,NA,Diurnal,Diurnal,Invertebrate,No,No,No,None,Wooded Habitat,Uncertain,,1,Zappey's Flycatcher,Cyanoptila cumatilis
Nilgiri Flycatcher,Eumyias albicaudatus,nilfly2,Passeriformes,Muscicapidae (Old World Flycatchers),Least Concern,Schedule-IV,,Appendix II,Moderate,Data Deficient,Data Deficient,Restricted,Diurnal,Diurnal,Invertebrate,Yes,Yes,No,Western Ghats,Wooded Habitat,Resident,,,Nilgiri Flycatcher,Eumyias albicaudatus
Verditer Flycatcher,Eumyias thalassinus,verfly4,Passeriformes,Muscicapidae (Old World Flycatchers),Least Concern,Schedule-IV,,Appendix II,Low,Uncertain,Uncertain,Moderate,Diurnal,Diurnal,Invertebrate,No,No,No,None,Wooded Habitat,Local Migrant,,,Verditer Flycatcher,Eumyias thalassinus
Rusty-bellied Shortwing,Brachypteryx hyperythra,rubsho1,Passeriformes,Muscicapidae (Old World Flycatchers),Near Threatened,Schedule-IV,,Appendix II,Moderate,Data Deficient,Data Deficient,Restricted,Diurnal,Diurnal,Invertebrate,No,No,Yes,Eastern Himalayas,None,Resident & Altitudinal Migrant,,,Rusty-bellied Shortwing,Brachypteryx hyperythra
Gould's Shortwing,Brachypteryx stellata,gousho1,Passeriformes,Muscicapidae (Old World Flycatchers),Least Concern,Schedule-IV,,Appendix II,Moderate,Data Deficient,Data Deficient,Restricted,Diurnal,Diurnal,Omnivore,No,No,Yes,Eastern Himalayas,Temperate Forest,Resident & Altitudinal Migrant,,,Gould's Shortwing,Heteroxenicus stellatus
Lesser Shortwing,Brachypteryx leucophris,lessho1,Passeriformes,Muscicapidae (Old World Flycatchers),Least Concern,Schedule-IV,,Appendix II,Low,Data Deficient,Uncertain,Moderate,Diurnal,Diurnal,Invertebrate,No,No,No,None,None,Resident & Altitudinal Migrant,,,Lesser Shortwing,Brachypteryx leucophris
Himalayan Shortwing,Brachypteryx cruralis,whbsho4,Passeriformes,Muscicapidae (Old World Flycatchers),Least Concern,Schedule-IV,,Appendix II,NA,NA,NA,NA,Diurnal,Diurnal,Invertebrate,No,No,No,None,Temperate Forest,Resident & Altitudinal Migrant,,,Himalayan Shortwing,Brachypteryx cruralis
Indian Blue Robin,Larvivora brunnea,inbrob1,Passeriformes,Muscicapidae (Old World Flycatchers),Least Concern,Schedule-IV,,Appendix II,Low,Uncertain,Uncertain,Moderate,Diurnal,Diurnal,Invertebrate,No,No,No,None,Wooded Habitat,Local Migrant,,,Indian Blue Robin,Larvivora brunnea
Siberian Blue Robin,Larvivora cyane,sibrob,Passeriformes,Muscicapidae (Old World Flycatchers),Least Concern,Schedule-IV,,Appendix II,NA,NA,NA,NA,Diurnal,Diurnal,Invertebrate,No,No,No,None,None,Uncertain,,1,Siberian Blue Robin,Larvivora cyane
White-bellied Redstart,Luscinia phaenicuroides,whbred1,Passeriformes,Muscicapidae (Old World Flycatchers),Least Concern,Schedule-IV,,Appendix II,NA,NA,NA,NA,Diurnal,Diurnal,Invertebrate,No,No,No,None,None,Local Migrant,,,White-bellied Redstart,Luscinia phaenicuroides
Bluethroat,Luscinia svecica,blueth,Passeriformes,Muscicapidae (Old World Flycatchers),Least Concern,Schedule-IV,,Appendix II,Low,Uncertain,Uncertain,Large,Diurnal,Diurnal,Invertebrate,No,No,No,None,Wetland,Winter Migrant & Localized Summer Migrant,,,Bluethroat,Luscinia svecica
Malabar Whistling-Thrush,Myophonus horsfieldii,mawthr1,Passeriformes,Muscicapidae (Old World Flycatchers),Least Concern,Schedule-IV,,Appendix II,Low,Uncertain,Uncertain,Moderate,Diurnal,Diurnal,Invertebrate,Yes,Yes,No,Mainland India,None,Resident,,,Malabar Whistling Thrush,Myophonus horsfieldii
Blue Whistling-Thrush,Myophonus caeruleus,blwthr1,Passeriformes,Muscicapidae (Old World Flycatchers),Least Concern,Schedule-IV,,Appendix II,Low,Uncertain,Uncertain,Large,Diurnal,Diurnal,Invertebrate,No,No,No,None,None,Resident & Altitudinal Migrant,,,Blue Whistling Thrush,Myophonus caeruleus
Little Forktail,Enicurus scouleri,litfor1,Passeriformes,Muscicapidae (Old World Flycatchers),Least Concern,Schedule-IV,,Appendix II,Low,Uncertain,Uncertain,Moderate,Diurnal,Diurnal,Invertebrate,No,No,No,None,None,Resident & Altitudinal Migrant,,,Little Forktail,Enicurus scouleri
White-crowned Forktail,Enicurus leschenaulti,whcfor1,Passeriformes,Muscicapidae (Old World Flycatchers),Least Concern,Schedule-IV,,Appendix II,NA,NA,NA,NA,Diurnal,Diurnal,Invertebrate,No,No,No,None,None,Resident & Altitudinal Migrant,,,White-crowned Forktail,Enicurus leschenaulti
Spotted Forktail,Enicurus maculatus,spofor1,Passeriformes,Muscicapidae (Old World Flycatchers),Least Concern,Schedule-IV,,Appendix II,Low,Uncertain,Uncertain,Moderate,Diurnal,Diurnal,Invertebrate,No,No,No,None,None,Resident & Altitudinal Migrant,,,Spotted Forktail,Enicurus maculatus
Black-backed Forktail,Enicurus immaculatus,blbfor1,Passeriformes,Muscicapidae (Old World Flycatchers),Least Concern,Schedule-IV,,Appendix II,Low,Data Deficient,Uncertain,Moderate,Diurnal,Diurnal,Invertebrate,No,No,No,None,None,Resident,,,Black-backed Forktail,Enicurus immaculatus
Slaty-backed Forktail,Enicurus schistaceus,slbfor1,Passeriformes,Muscicapidae (Old World Flycatchers),Least Concern,Schedule-IV,,Appendix II,Low,Data Deficient,Uncertain,Moderate,Diurnal,Diurnal,Invertebrate,No,No,No,None,None,Resident & Altitudinal Migrant,,,Slaty-backed Forktail,Enicurus schistaceus
Firethroat,Calliope pectardens,fireth1,Passeriformes,Muscicapidae (Old World Flycatchers),Near Threatened,Schedule-IV,,Appendix II,NA,NA,NA,NA,Diurnal,Diurnal,Invertebrate,No,No,No,None,None,Uncertain,,1,Firethroat,Calliope pectardens
Siberian Rubythroat,Calliope calliope,sibrub,Passeriformes,Muscicapidae (Old World Flycatchers),Least Concern,Schedule-IV,,Appendix II,Moderate,Data Deficient,Moderate Decline,Moderate,Diurnal,Diurnal,Invertebrate,No,No,No,None,Wetland,Winter Migrant,,,Siberian Rubythroat,Calliope calliope
Himalayan Rubythroat,Calliope pectoralis,himrub1,Passeriformes,Muscicapidae (Old World Flycatchers),Least Concern,Schedule-IV,,Appendix II,Low,Data Deficient,Uncertain,Moderate,Diurnal,Diurnal,Invertebrate,No,No,No,None,Grassland and Scrub,Resident & Altitudinal Migrant,1,,Himalayan Rubythroat,Calliope pectoralis
Chinese Rubythroat,Calliope tschebaiewi,chirub1,Passeriformes,Muscicapidae (Old World Flycatchers),Least Concern,Schedule-IV,,Appendix II,High,Data Deficient,Data Deficient,Very Restricted,Diurnal,Diurnal,Invertebrate,No,No,No,None,Grassland and Scrub,Winter Migrant & Localized Summer Migrant,1,,Chinese Rubythroat,Calliope tschebaiewi
White-tailed Robin,Myiomela leucura,whtrob2,Passeriformes,Muscicapidae (Old World Flycatchers),Least Concern,Schedule-IV,,Appendix II,Moderate,Data Deficient,Strong Decline,Moderate,Diurnal,Diurnal,Invertebrate,No,No,No,None,Forest,Resident & Altitudinal Migrant,,,White-tailed Robin,Myiomela leucura
Blue-fronted Robin,Cinclidium frontale,blfrob1,Passeriformes,Muscicapidae (Old World Flycatchers),Least Concern,Schedule-IV,,Appendix II,Moderate,Data Deficient,Data Deficient,Restricted,Diurnal,Diurnal,Invertebrate,No,No,No,None,Temperate Forest,Resident & Altitudinal Migrant,1,,Blue-fronted Robin,Cinclidium frontale
Red-flanked Bluetail,Tarsiger cyanurus,refblu,Passeriformes,Muscicapidae (Old World Flycatchers),Least Concern,Schedule-IV,,Appendix II,NA,NA,NA,NA,Diurnal,Diurnal,Invertebrate,No,No,No,None,Forest,Winter Migrant,,1,Red-flanked Bush Robin,Tarsiger cyanurus
Himalayan Bluetail,Tarsiger rufilatus,himblu1,Passeriformes,Muscicapidae (Old World Flycatchers),Least Concern,Schedule-IV,,Appendix II,Low,Uncertain,Uncertain,Moderate,Diurnal,Diurnal,Invertebrate,No,No,No,None,Forest,Resident & Altitudinal Migrant,,,Himalayan Bush Robin,Tarsiger rufilatus
Rufous-breasted Bush-Robin,Tarsiger hyperythrus,rbbrob1,Passeriformes,Muscicapidae (Old World Flycatchers),Least Concern,Schedule-IV,,Appendix II,Moderate,Data Deficient,Data Deficient,Restricted,Diurnal,Diurnal,Invertebrate,No,No,Yes,Himalayas,Temperate Forest,Resident & Altitudinal Migrant,,,Rufous-breasted Bush Robin,Tarsiger hyperythrus
White-browed Bush-Robin,Tarsiger indicus,wbbrob1,Passeriformes,Muscicapidae (Old World Flycatchers),Least Concern,Schedule-IV,,Appendix II,NA,NA,NA,NA,Diurnal,Diurnal,Invertebrate,No,No,No,None,Temperate Forest,Resident & Altitudinal Migrant,,,White-browed Bush Robin,Tarsiger indicus
Golden Bush-Robin,Tarsiger chrysaeus,gobrob1,Passeriformes,Muscicapidae (Old World Flycatchers),Least Concern,Schedule-IV,,Appendix II,Low,Data Deficient,Uncertain,Moderate,Diurnal,Diurnal,Invertebrate,No,No,No,None,None,Resident & Altitudinal Migrant,,,Golden Bush Robin,Tarsiger chrysaeus
Yellow-rumped Flycatcher,Ficedula zanthopygia,korfly1,Passeriformes,Muscicapidae (Old World Flycatchers),Least Concern,Schedule-IV,,Appendix II,NA,NA,NA,NA,Diurnal,Diurnal,Invertebrate,No,No,No,None,None,Uncertain,,1,Yellow-rumped Flycatcher,Ficedula zanthopygia
Mugimaki Flycatcher,Ficedula mugimaki,mugfly,Passeriformes,Muscicapidae (Old World Flycatchers),Least Concern,Schedule-IV,,Appendix II,NA,NA,NA,NA,Diurnal,Diurnal,Invertebrate,No,No,No,None,None,Uncertain,,1,Mugimaki Flycatcher,Ficedula mugimaki
Slaty-backed Flycatcher,Ficedula erithacus,slbfly1,Passeriformes,Muscicapidae (Old World Flycatchers),Least Concern,Schedule-IV,,Appendix II,NA,NA,NA,NA,Diurnal,Diurnal,Omnivore,No,No,No,None,Forest,Local Migrant,,,Slaty-backed Flycatcher,Ficedula erithacus
Black-and-orange Flycatcher,Ficedula nigrorufa,barfly1,Passeriformes,Muscicapidae (Old World Flycatchers),Least Concern,Schedule-IV,,Appendix II,Moderate,Data Deficient,Uncertain,Restricted,Diurnal,Diurnal,Invertebrate,Yes,Yes,No,Western Ghats,Wooded Habitat,Resident,,,Black-and-orange Flycatcher,Ficedula nigrorufa
Slaty-blue Flycatcher,Ficedula tricolor,slbfly2,Passeriformes,Muscicapidae (Old World Flycatchers),Least Concern,Schedule-IV,,Appendix II,Low,Uncertain,Uncertain,Moderate,Diurnal,Diurnal,Invertebrate,No,No,No,None,None,Resident & Altitudinal Migrant,,,Slaty-blue Flycatcher,Ficedula tricolor
Snowy-browed Flycatcher,Ficedula hyperythra,snbfly1,Passeriformes,Muscicapidae (Old World Flycatchers),Least Concern,Schedule-IV,,Appendix II,Low,Data Deficient,Uncertain,Moderate,Diurnal,Diurnal,Invertebrate,No,No,No,None,Forest,Resident & Altitudinal Migrant,,,Snowy-browed Flycatcher,Ficedula hyperythra
Pygmy Flycatcher,Ficedula hodgsoni,pybfly1,Passeriformes,Muscicapidae (Old World Flycatchers),Least Concern,Schedule-IV,,Appendix II,Moderate,Data Deficient,Data Deficient,Moderate,Diurnal,Diurnal,Invertebrate,No,No,No,None,None,Resident & Altitudinal Migrant,,,Pygmy Blue Flycatcher,Ficedula hodgsoni
Rufous-gorgeted Flycatcher,Ficedula strophiata,rugfly1,Passeriformes,Muscicapidae (Old World Flycatchers),Least Concern,Schedule-IV,,Appendix II,Low,Uncertain,Uncertain,Moderate,Diurnal,Diurnal,Invertebrate,No,No,No,None,None,Resident & Altitudinal Migrant,,,Rufous-gorgeted Flycatcher,Ficedula strophiata
Sapphire Flycatcher,Ficedula sapphira,sapfly1,Passeriformes,Muscicapidae (Old World Flycatchers),Least Concern,Schedule-IV,,Appendix II,Moderate,Data Deficient,Data Deficient,Moderate,Diurnal,Diurnal,Invertebrate,No,No,No,None,Wooded Habitat,Resident & Altitudinal Migrant,,,Sapphire Flycatcher,Ficedula sapphira
Little Pied Flycatcher,Ficedula westermanni,lipfly1,Passeriformes,Muscicapidae (Old World Flycatchers),Least Concern,Schedule-IV,,Appendix II,Low,Uncertain,Uncertain,Moderate,Diurnal,Diurnal,Invertebrate,No,No,No,None,Wooded Habitat,Resident & Altitudinal Migrant,,,Little Pied Flycatcher,Ficedula westermanni
Ultramarine Flycatcher,Ficedula superciliaris,ultfly1,Passeriformes,Muscicapidae (Old World Flycatchers),Least Concern,Schedule-IV,,Appendix II,Low,Uncertain,Uncertain,Moderate,Diurnal,Diurnal,Invertebrate,No,No,No,None,Wooded Habitat,Local Migrant,,,Ultramarine Flycatcher,Ficedula superciliaris
Rusty-tailed Flycatcher,Ficedula ruficauda,rutfly6,Passeriformes,Muscicapidae (Old World Flycatchers),Least Concern,Schedule-IV,,Appendix II,Moderate,Uncertain,Uncertain,Restricted,Diurnal,Diurnal,Invertebrate,No,No,No,None,Forest,Local Migrant,1,,Rusty-tailed Flycatcher,Ficedula ruficauda
Taiga Flycatcher,Ficedula albicilla,taifly1,Passeriformes,Muscicapidae (Old World Flycatchers),Least Concern,Schedule-IV,,Appendix II,,,,,Diurnal,Diurnal,Invertebrate,No,No,No,None,Wooded Habitat,Winter Migrant,,,Taiga Flycatcher,Ficedula albicilla
Kashmir Flycatcher,Ficedula subrubra,kasfly1,Passeriformes,Muscicapidae (Old World Flycatchers),Vulnerable,Schedule-IV,,Appendix II,High,Data Deficient,Data Deficient,Restricted,Diurnal,Diurnal,Invertebrate,No,Yes,No,Indian Subcontinent,Wooded Habitat,Local Migrant,,,Kashmir Flycatcher,Ficedula subrubra
Red-breasted Flycatcher,Ficedula parva,rebfly,Passeriformes,Muscicapidae (Old World Flycatchers),Least Concern,Schedule-IV,,Appendix II,Low,Stable,Uncertain,Large,Diurnal,Diurnal,Invertebrate,No,No,No,None,Wooded Habitat,Winter Migrant,,,Red-breasted Flycatcher,Ficedula parva
Blue-fronted Redstart,Phoenicurus frontalis,blfred1,Passeriformes,Muscicapidae (Old World Flycatchers),Least Concern,Schedule-IV,,Appendix II,Low,Uncertain,Uncertain,Moderate,Diurnal,Diurnal,Invertebrate,No,No,No,None,None,Resident & Altitudinal Migrant,,,Blue-fronted Redstart,Phoenicurus frontalis
Plumbeous Redstart,Phoenicurus fuliginosus,plured1,Passeriformes,Muscicapidae (Old World Flycatchers),Least Concern,Schedule-IV,,Appendix II,Moderate,Uncertain,Strong Decline,Large,Diurnal,Diurnal,Invertebrate,No,No,No,None,Wetland,Resident & Altitudinal Migrant,,,Plumbeous Water Redstart,Phoenicurus fuliginosus
Rufous-backed Redstart,Phoenicurus erythronotus,rubred2,Passeriformes,Muscicapidae (Old World Flycatchers),Least Concern,Schedule-IV,,Appendix II,NA,NA,NA,NA,Diurnal,Diurnal,Invertebrate,No,No,No,None,Grassland,Winter Migrant,,1,Eversmann's Redstart,Phoenicurus erythronotus
White-capped Redstart,Phoenicurus leucocephalus,whcred1,Passeriformes,Muscicapidae (Old World Flycatchers),Least Concern,Schedule-IV,,Appendix II,Low,Uncertain,Uncertain,Large,Diurnal,Diurnal,Invertebrate,No,No,No,None,None,Resident & Altitudinal Migrant,,,White-capped Redstart,Phoenicurus leucocephalus
Blue-capped Redstart,Phoenicurus coeruleocephala,bucred1,Passeriformes,Muscicapidae (Old World Flycatchers),Least Concern,Schedule-IV,,Appendix II,Low,Data Deficient,Uncertain,Moderate,Diurnal,Diurnal,Invertebrate,No,No,No,None,Wooded Habitat,Resident & Altitudinal Migrant,,,Blue-capped Redstart,Phoenicurus coeruleocephala
Common Redstart,Phoenicurus phoenicurus,comred2,Passeriformes,Muscicapidae (Old World Flycatchers),Least Concern,Schedule-IV,,Appendix II,NA,NA,NA,NA,Diurnal,Diurnal,Invertebrate,No,No,No,None,None,Uncertain,,1,Common Redstart,Phoenicurus phoenicurus
Hodgson's Redstart,Phoenicurus hodgsoni,hodred1,Passeriformes,Muscicapidae (Old World Flycatchers),Least Concern,Schedule-IV,,Appendix II,NA,NA,NA,NA,Diurnal,Diurnal,Omnivore,No,No,No,None,None,Winter Migrant,,,Hodgson's Redstart,Phoenicurus hodgsoni
White-throated Redstart,Phoenicurus schisticeps,whtred1,Passeriformes,Muscicapidae (Old World Flycatchers),Least Concern,Schedule-IV,,Appendix II,NA,NA,NA,NA,Diurnal,Diurnal,Invertebrate,No,No,No,None,None,Resident & Altitudinal Migrant,,,White-throated Redstart,Phoenicurus schisticeps
White-winged Redstart,Phoenicurus erythrogastrus,whwred2,Passeriformes,Muscicapidae (Old World Flycatchers),Least Concern,Schedule-IV,,Appendix II,Moderate,Data Deficient,Strong Decline,Moderate,Diurnal,Diurnal,Invertebrate,No,No,No,None,None,Resident & Altitudinal Migrant,,,White-winged Redstart,Phoenicurus erythrogastrus
Black Redstart,Phoenicurus ochruros,blared1,Passeriformes,Muscicapidae (Old World Flycatchers),Least Concern,Schedule-IV,,Appendix II,Moderate,Moderate Decline,Uncertain,Large,Diurnal,Diurnal,Invertebrate,No,No,No,None,None,Winter Migrant & Localized Summer Migrant,,,Black Redstart,Phoenicurus ochruros
Daurian Redstart,Phoenicurus auroreus,daured1,Passeriformes,Muscicapidae (Old World Flycatchers),Least Concern,Schedule-IV,,Appendix II,NA,NA,NA,NA,Diurnal,Diurnal,Invertebrate,No,No,No,None,None,Winter Migrant,,,Daurian Redstart,Phoenicurus auroreus
Chestnut-bellied Rock-Thrush,Monticola rufiventris,cbrthr1,Passeriformes,Muscicapidae (Old World Flycatchers),Least Concern,Schedule-IV,,Appendix II,Low,Uncertain,Uncertain,Moderate,Diurnal,Diurnal,Invertebrate,No,No,No,None,Wooded Habitat,Resident & Altitudinal Migrant,,,Chestnut-bellied Rock Thrush,Monticola rufiventris
Blue-capped Rock-Thrush,Monticola cinclorhyncha,bcrthr1,Passeriformes,Muscicapidae (Old World Flycatchers),Least Concern,Schedule-IV,,Appendix II,Low,Uncertain,Uncertain,Moderate,Diurnal,Diurnal,Invertebrate,No,No,No,None,None,Local Migrant,,,Blue-capped Rock Thrush,Monticola cinclorhyncha
Rufous-tailed Rock-Thrush,Monticola saxatilis,rtrthr1,Passeriformes,Muscicapidae (Old World Flycatchers),Least Concern,Schedule-IV,,Appendix II,NA,NA,NA,NA,Diurnal,Diurnal,Invertebrate,No,No,No,None,None,Passage Migrant,,1,Rufous-tailed Rock Thrush,Monticola saxatilis
Blue Rock-Thrush,Monticola solitarius,burthr,Passeriformes,Muscicapidae (Old World Flycatchers),Least Concern,Schedule-IV,,Appendix II,Moderate,Strong Decline,Uncertain,Large,Diurnal,Diurnal,Omnivore,No,No,No,None,None,Winter Migrant & Localized Summer Migrant,,,Blue Rock Thrush,Monticola solitarius
Whinchat,Saxicola rubetra,whinch1,Passeriformes,Muscicapidae (Old World Flycatchers),Least Concern,Schedule-IV,,Appendix II,NA,NA,NA,NA,Diurnal,Diurnal,Invertebrate,No,No,No,None,Grassland and Scrub,Uncertain,,1,Whinchat,Saxicola rubetra
White-browed Bushchat,Saxicola macrorhynchus,whbbus4,Passeriformes,Muscicapidae (Old World Flycatchers),Vulnerable,Schedule-IV,,Appendix II,Moderate,Data Deficient,Data Deficient,Moderate,Diurnal,Diurnal,Invertebrate,No,Yes,No,Indian Subcontinent,Grassland and Scrub,Winter Migrant,,,Stoliczka's Bushchat,Saxicola macrorhynchus
White-throated Bushchat,Saxicola insignis,whtbus1,Passeriformes,Muscicapidae (Old World Flycatchers),Vulnerable,Schedule-IV,,Appendix II,High,Data Deficient,Data Deficient,Data Deficient,Diurnal,Diurnal,Invertebrate,No,No,No,None,Wetland,Winter Migrant,1,,Hodgson's Bushchat,Saxicola insignis
Siberian Stonechat,Saxicola maurus,sibsto1,Passeriformes,Muscicapidae (Old World Flycatchers),Least Concern,Schedule-IV,,Appendix II,Low,Uncertain,Uncertain,Large,Diurnal,Diurnal,Invertebrate,No,No,No,None,None,Winter Migrant & Localized Summer Migrant,,,Siberian Stonechat,Saxicola maurus
Amur Stonechat,Saxicola stejnegeri,stonec7,Passeriformes,Muscicapidae (Old World Flycatchers),Least Concern,Schedule-IV,,Appendix II,Low,Uncertain,Uncertain,Large,Diurnal,Diurnal,Invertebrate,No,No,No,None,None,Winter Migrant,,,Siberian Stonechat,Saxicola maurus
White-tailed Stonechat,Saxicola leucurus,whtsto2,Passeriformes,Muscicapidae (Old World Flycatchers),Least Concern,Schedule-IV,,Appendix II,NA,NA,NA,NA,Diurnal,Diurnal,Invertebrate,No,No,No,None,Wetland,Resident,1,,White-tailed Stonechat,Saxicola leucurus
Pied Bushchat,Saxicola caprata,piebus1,Passeriformes,Muscicapidae (Old World Flycatchers),Least Concern,Schedule-IV,,Appendix II,Low,Stable,Uncertain,Large,Diurnal,Diurnal,Invertebrate,No,No,No,None,None,Resident & Local Migrant,,,Pied Bushchat,Saxicola caprata
Jerdon's Bushchat,Saxicola jerdoni,jerbus1,Passeriformes,Muscicapidae (Old World Flycatchers),Least Concern,Schedule-IV,,Appendix II,NA,NA,NA,NA,Diurnal,Diurnal,Invertebrate,No,No,No,None,Wetland,Resident,1,,Jerdon's Bushchat,Saxicola jerdoni
Gray Bushchat,Saxicola ferreus,grybus1,Passeriformes,Muscicapidae (Old World Flycatchers),Least Concern,Schedule-IV,,Appendix II,Low,Uncertain,Uncertain,Large,Diurnal,Diurnal,Invertebrate,No,No,No,None,None,Resident & Winter Migrant,,,Grey Bushchat,Saxicola ferreus
Northern Wheatear,Oenanthe oenanthe,norwhe,Passeriformes,Muscicapidae (Old World Flycatchers),Least Concern,Schedule-IV,,Appendix II,NA,NA,NA,NA,Diurnal,Diurnal,Invertebrate,No,No,No,None,Grassland,Passage Migrant & Localized Summer Migrant,,1,Northern Wheatear,Oenanthe oenanthe
Isabelline Wheatear,Oenanthe isabellina,isawhe1,Passeriformes,Muscicapidae (Old World Flycatchers),Least Concern,Schedule-IV,,Appendix II,Low,Data Deficient,Uncertain,Moderate,Diurnal,Diurnal,Invertebrate,No,No,No,None,Grassland,Winter Migrant,,,Isabelline Wheatear,Oenanthe isabellina
Desert Wheatear,Oenanthe deserti,deswhe1,Passeriformes,Muscicapidae (Old World Flycatchers),Least Concern,Schedule-IV,,Appendix II,Low,Uncertain,Uncertain,Moderate,Diurnal,Diurnal,Invertebrate,No,No,No,None,None,Winter Migrant & Localized Summer Migrant,,,Desert Wheatear,Oenanthe deserti
Pied Wheatear,Oenanthe pleschanka,piewhe1,Passeriformes,Muscicapidae (Old World Flycatchers),Least Concern,Schedule-IV,,Appendix II,NA,NA,NA,NA,Diurnal,Diurnal,Invertebrate,No,No,No,None,None,Summer Migrant,,1,Pied Wheatear,Oenanthe pleschanka
Brown Rock Chat,Oenanthe fusca,indcha1,Passeriformes,Muscicapidae (Old World Flycatchers),Least Concern,Schedule-IV,,Appendix II,Low,Uncertain,Strong Increase,Large,Diurnal,Diurnal,Invertebrate,No,Yes,No,Indian Subcontinent,None,Resident,,,Brown Rock Chat,Oenanthe fusca
Variable Wheatear,Oenanthe picata,varwhe1,Passeriformes,Muscicapidae (Old World Flycatchers),Least Concern,Schedule-IV,,Appendix II,Low,Uncertain,Uncertain,Moderate,Diurnal,Diurnal,Invertebrate,No,No,No,None,None,Winter Migrant,,,Variable Wheatear,Oenanthe picata
Hume's Wheatear,Oenanthe albonigra,humwhe2,Passeriformes,Muscicapidae (Old World Flycatchers),Least Concern,Schedule-IV,,Appendix II,NA,NA,NA,NA,Diurnal,Diurnal,,No,No,No,None,None,Uncertain,,1,Hume's Wheatear,Oenanthe albonigra
Finsch's Wheatear,Oenanthe finschii,finwhe1,Passeriformes,Muscicapidae (Old World Flycatchers),Least Concern,Schedule-IV,,Appendix II,NA,NA,NA,NA,Diurnal,Diurnal,Invertebrate,No,No,No,None,None,Uncertain,,1,Finsch's Wheatear,Oenanthe finschii
Persian Wheatear,Oenanthe chrysopygia,retwhe2,Passeriformes,Muscicapidae (Old World Flycatchers),Least Concern,Schedule-IV,,Appendix II,NA,NA,NA,NA,Diurnal,Diurnal,Invertebrate,No,No,No,None,Grassland and Scrub,Winter Migrant,,,Red-tailed Wheatear,Oenanthe chrysopygia
Bohemian Waxwing,Bombycilla garrulus,bohwax,Passeriformes,Bombycillidae (Waxwings),Least Concern,Schedule-IV,,,NA,NA,NA,NA,Diurnal,Diurnal,Omnivore,No,No,No,None,None,Uncertain,,1,Bohemian Waxwing,Bombycilla garrulus
Hypocolius,Hypocolius ampelinus,hypoco1,Passeriformes,Hypocoliidae (Hypocolius),Least Concern,Schedule-IV,,,NA,NA,NA,NA,Diurnal,Diurnal,Fruit & Nect,No,No,No,None,None,Winter Migrant,,1,Grey Hypocolius,Hypocolius ampelinus
Thick-billed Flowerpecker,Dicaeum agile,thbflo1,Passeriformes,Dicaeidae (Flowerpeckers),Least Concern,Schedule-IV,,,Moderate,Moderate Decline,Uncertain,Large,Diurnal,Diurnal,Fruit & Nect,No,No,No,None,None,Resident,,,Thick-billed Flowerpecker,Dicaeum agile
Yellow-vented Flowerpecker,Dicaeum chrysorrheum,yevflo1,Passeriformes,Dicaeidae (Flowerpeckers),Least Concern,Schedule-IV,,,NA,NA,NA,NA,Diurnal,Diurnal,Fruit & Nect,No,No,No,None,Forest,Resident,,,Yellow-vented Flowerpecker,Dicaeum chrysorrheum
Yellow-bellied Flowerpecker,Dicaeum melanozanthum,yebflo1,Passeriformes,Dicaeidae (Flowerpeckers),Least Concern,Schedule-IV,,,NA,NA,NA,NA,Diurnal,Diurnal,Invertebrate,No,No,No,None,Temperate Forest,Resident & Local Migrant,,,Yellow-bellied Flowerpecker,Dicaeum melanozanthum
Pale-billed Flowerpecker,Dicaeum erythrorhynchos,pabflo1,Passeriformes,Dicaeidae (Flowerpeckers),Least Concern,Schedule-IV,,,Low,Stable,Strong Increase,Large,Diurnal,Diurnal,Fruit & Nect,No,Yes,No,Indian Subcontinent,None,Resident,,,Pale-billed Flowerpecker,Dicaeum erythrorhynchos
Nilgiri Flowerpecker,Dicaeum concolor,plaflo1,Passeriformes,Dicaeidae (Flowerpeckers),Least Concern,Schedule-IV,,,Moderate,Moderate Decline,Uncertain,Moderate,Diurnal,Diurnal,Fruit & Nect,Yes,Yes,No,Western Ghats,None,Resident,,,Nilgiri Flowerpecker,Dicaeum concolor
Plain Flowerpecker,Dicaeum minullum,plaflo2,Passeriformes,Dicaeidae (Flowerpeckers),Least Concern,Schedule-IV,,,Low,Data Deficient,Uncertain,Moderate,Diurnal,Diurnal,Fruit & Nect,No,No,No,None,Wooded Habitat,Resident,,,Plain Flowerpecker,Dicaeum minullum
Andaman Flowerpecker,Dicaeum virescens,andflo1,Passeriformes,Dicaeidae (Flowerpeckers),Not Evaluated,Schedule-IV,,,Moderate,Data Deficient,Uncertain,Restricted,Diurnal,Diurnal,Fruit & Nect,Yes,Yes,No,Andaman Islands,Tropical Forest,Resident,,,Andaman Flowerpecker,Dicaeum virescens
Fire-breasted Flowerpecker,Dicaeum ignipectus,fibflo2,Passeriformes,Dicaeidae (Flowerpeckers),Least Concern,Schedule-IV,,,Low,Uncertain,Uncertain,Moderate,Diurnal,Diurnal,Fruit & Nect,No,No,No,None,Wooded Habitat,Resident & Altitudinal Migrant,,,Fire-breasted Flowerpecker,Dicaeum ignipectus
Scarlet-backed Flowerpecker,Dicaeum cruentatum,scbflo1,Passeriformes,Dicaeidae (Flowerpeckers),Least Concern,Schedule-IV,,,Moderate,Uncertain,Strong Decline,Moderate,Diurnal,Diurnal,Fruit & Nect,No,No,No,None,Wooded Habitat,Resident & Altitudinal Migrant,,,Scarlet-backed Flowerpecker,Dicaeum cruentatum
Ruby-cheeked Sunbird,Chalcoparia singalensis,rucsun2,Passeriformes,Nectariniidae (Sunbirds and Spiderhunters),Least Concern,Schedule-IV,,,Low,Data Deficient,Uncertain,Moderate,Diurnal,Diurnal,Fruit & Nect,No,No,No,None,Tropical Forest,Resident,,,Ruby-cheeked Sunbird,Chalcoparia singalensis
Purple-rumped Sunbird,Leptocoma zeylonica,pursun3,Passeriformes,Nectariniidae (Sunbirds and Spiderhunters),Least Concern,Schedule-IV,,,Low,Stable,Uncertain,Very Large,Diurnal,Diurnal,Fruit & Nect,No,Yes,No,Indian Subcontinent,None,Resident,,,Purple-rumped Sunbird,Leptocoma zeylonica
Crimson-backed Sunbird,Leptocoma minima,crbsun2,Passeriformes,Nectariniidae (Sunbirds and Spiderhunters),Least Concern,Schedule-IV,,,Moderate,Strong Decline,Uncertain,Moderate,Diurnal,Diurnal,Fruit & Nect,Yes,Yes,No,Western Ghats,Wooded Habitat,Resident,,,Crimson-backed Sunbird,Leptocoma minima
Van Hasselt's Sunbird,Leptocoma brasiliana,vahsun1,Passeriformes,Nectariniidae (Sunbirds and Spiderhunters),Least Concern,Schedule-IV,,,NA,NA,NA,NA,Diurnal,Diurnal,Fruit & Nect,No,No,No,None,Tropical Forest,Resident,,1,Van Hasselt's Sunbird ,Leptocoma brasiliana
Purple Sunbird,Cinnyris asiaticus,pursun4,Passeriformes,Nectariniidae (Sunbirds and Spiderhunters),Least Concern,Schedule-IV,,,Low,Stable,Stable,Very Large,Diurnal,Diurnal,Fruit & Nect,No,No,No,None,None,Resident,,,Purple Sunbird,Cinnyris asiaticus
Olive-backed Sunbird,Cinnyris jugularis,olbsun4,Passeriformes,Nectariniidae (Sunbirds and Spiderhunters),Least Concern,Schedule-IV,,,NA,NA,NA,NA,Diurnal,Diurnal,Fruit & Nect,No,No,No,None,Wooded Habitat,Resident,,,Olive-backed Sunbird,Cinnyris jugularis
Loten's Sunbird,Cinnyris lotenius,lobsun2,Passeriformes,Nectariniidae (Sunbirds and Spiderhunters),Least Concern,Schedule-IV,,,Low,Stable,Uncertain,Large,Diurnal,Diurnal,Fruit & Nect,No,Yes,No,Indian Subcontinent,Wooded Habitat,Resident,,,Loten's Sunbird,Cinnyris lotenius
Fire-tailed Sunbird,Aethopyga ignicauda,fitsun1,Passeriformes,Nectariniidae (Sunbirds and Spiderhunters),Least Concern,Schedule-IV,,,Low,Data Deficient,Uncertain,Moderate,Diurnal,Diurnal,Omnivore,No,No,No,None,Forest,Resident & Altitudinal Migrant,,,Fire-tailed Sunbird,Aethopyga ignicauda
Black-throated Sunbird,Aethopyga saturata,bltsun1,Passeriformes,Nectariniidae (Sunbirds and Spiderhunters),Least Concern,Schedule-IV,,,Low,Data Deficient,Uncertain,Moderate,Diurnal,Diurnal,Fruit & Nect,No,No,No,None,Forest,Resident & Altitudinal Migrant,,,Black-throated Sunbird,Aethopyga saturata
Mrs. Gould's Sunbird,Aethopyga gouldiae,gousun1,Passeriformes,Nectariniidae (Sunbirds and Spiderhunters),Least Concern,Schedule-IV,,,Low,Data Deficient,Uncertain,Moderate,Diurnal,Diurnal,Omnivore,No,No,No,None,Forest,Resident & Altitudinal Migrant,,,Mrs Gould's Sunbird,Aethopyga gouldiae
Green-tailed Sunbird,Aethopyga nipalensis,grtsun1,Passeriformes,Nectariniidae (Sunbirds and Spiderhunters),Least Concern,Schedule-IV,,,Low,Uncertain,Uncertain,Moderate,Diurnal,Diurnal,Omnivore,No,No,No,None,Wooded Habitat,Resident & Altitudinal Migrant,,,Green-tailed Sunbird,Aethopyga nipalensis
Vigors's Sunbird,Aethopyga vigorsii,wecsun1,Passeriformes,Nectariniidae (Sunbirds and Spiderhunters),Least Concern,Schedule-IV,,,Low,Data Deficient,Uncertain,Moderate,Diurnal,Diurnal,Omnivore,Yes,Yes,No,Western Ghats,None,Resident,,,Vigors's Sunbird,Aethopyga vigorsii
Crimson Sunbird,Aethopyga siparaja,eacsun1,Passeriformes,Nectariniidae (Sunbirds and Spiderhunters),Least Concern,Schedule-IV,,,Low,Uncertain,Uncertain,Large,Diurnal,Diurnal,Omnivore,No,No,No,None,None,Resident,,,Crimson Sunbird,Aethopyga siparaja
Little Spiderhunter,Arachnothera longirostra,litspi1,Passeriformes,Nectariniidae (Sunbirds and Spiderhunters),Least Concern,Schedule-IV,,,Moderate,Strong Decline,Uncertain,Moderate,Diurnal,Diurnal,Omnivore,No,No,No,None,Wooded Habitat,Resident,,,Little Spiderhunter,Arachnothera longirostra
Streaked Spiderhunter,Arachnothera magna,strspi1,Passeriformes,Nectariniidae (Sunbirds and Spiderhunters),Least Concern,Schedule-IV,,,Low,Uncertain,Uncertain,Moderate,Diurnal,Diurnal,Omnivore,No,No,No,None,Wooded Habitat,Resident,,,Streaked Spiderhunter,Arachnothera magna
Asian Fairy-bluebird,Irena puella,asfblu1,Passeriformes,Irenidae (Fairy-bluebirds),Least Concern,Schedule-IV,,,Moderate,Moderate Decline,Uncertain,Moderate,Diurnal,Diurnal,Fruit & Nect,No,No,No,None,Tropical Forest,Resident,,,Asian Fairy-bluebird,Irena puella
Blue-winged Leafbird,Chloropsis cochinchinensis,blwlea1,Passeriformes,Chloropseidae (Leafbirds),Least Concern,Schedule-IV,,,NA,NA,NA,NA,Diurnal,Diurnal,Fruit & Nect,No,No,No,None,Wooded Habitat,Resident,1,,Blue-winged Leafbird,Chloropsis cochinchinensis
Jerdon's Leafbird,Chloropsis jerdoni,jerlea1,Passeriformes,Chloropseidae (Leafbirds),Least Concern,Schedule-IV,,,Moderate,Moderate Decline,Uncertain,Large,Diurnal,Diurnal,Fruit & Nect,No,Yes,No,Indian Subcontinent,Wooded Habitat,Resident,,,Jerdon's Leafbird,Chloropsis jerdoni
Golden-fronted Leafbird,Chloropsis aurifrons,goflea1,Passeriformes,Chloropseidae (Leafbirds),Least Concern,Schedule-IV,,,Low,Stable,Uncertain,Large,Diurnal,Diurnal,Fruit & Nect,No,No,No,None,Wooded Habitat,Resident,,,Golden-fronted Leafbird,Chloropsis aurifrons
Orange-bellied Leafbird,Chloropsis hardwickii,orblea1,Passeriformes,Chloropseidae (Leafbirds),Least Concern,Schedule-IV,,,Low,Uncertain,Uncertain,Moderate,Diurnal,Diurnal,Fruit & Nect,No,No,No,None,Forest,Resident & Altitudinal Migrant,,,Orange-bellied Leafbird,Chloropsis hardwickii
Streaked Weaver,Ploceus manyar,strwea2,Passeriformes,Ploceidae (Weavers and Allies),Least Concern,Schedule-IV,,,Moderate,Uncertain,Strong Decline,Large,Diurnal,Diurnal,Plant & Seed,No,No,No,None,Wetland,Resident,1,,Streaked Weaver,Ploceus manyar
Baya Weaver,Ploceus philippinus,baywea1,Passeriformes,Ploceidae (Weavers and Allies),Least Concern,Schedule-IV,,,Low,Stable,Moderate Decline,Very Large,Diurnal,Diurnal,Plant & Seed,No,No,No,None,None,Resident,,,Baya Weaver,Ploceus philippinus
Finn's Weaver,Ploceus megarhynchus,yelwea1,Passeriformes,Ploceidae (Weavers and Allies),Vulnerable,Schedule-IV,,,High,Data Deficient,Data Deficient,Restricted,Diurnal,Diurnal,Plant & Seed,No,Yes,No,Indian Subcontinent,Wetland,Resident,,,Finn's Weaver,Ploceus megarhynchus
Black-breasted Weaver,Ploceus benghalensis,benwea1,Passeriformes,Ploceidae (Weavers and Allies),Least Concern,Schedule-IV,,,Low,Data Deficient,Uncertain,Large,Diurnal,Diurnal,Plant & Seed,No,Yes,No,Indian Subcontinent,Wetland,Resident,,,Black-breasted Weaver,Ploceus benghalensis
Indian Silverbill,Euodice malabarica,indsil,Passeriformes,Estrildidae (Waxbills and Allies),Least Concern,Schedule-IV,,,Low,Stable,Uncertain,Very Large,Diurnal,Diurnal,Plant & Seed,No,No,No,None,Grassland and Scrub,Resident,,,Indian Silverbill,Euodice malabarica
Scaly-breasted Munia,Lonchura punctulata,nutman,Passeriformes,Estrildidae (Waxbills and Allies),Least Concern,Schedule-IV,,,Low,Uncertain,Uncertain,Very Large,Diurnal,Diurnal,Plant & Seed,No,No,No,None,None,Resident,,,Scaly-breasted Munia,Lonchura punctulata
Black-throated Munia,Lonchura kelaarti,bltmun1,Passeriformes,Estrildidae (Waxbills and Allies),Least Concern,Schedule-IV,,,Low,Data Deficient,Uncertain,Moderate,Diurnal,Diurnal,Plant & Seed,No,Yes,No,Indian Subcontinent,None,Resident,,,Black-throated Munia,Lonchura kelaarti
White-rumped Munia,Lonchura striata,whrmun,Passeriformes,Estrildidae (Waxbills and Allies),Least Concern,Schedule-IV,,,Moderate,Stable,Strong Decline,Large,Diurnal,Diurnal,Plant & Seed,No,No,No,None,None,Resident,,,White-rumped Munia,Lonchura striata
Tricolored Munia,Lonchura malacca,trimun,Passeriformes,Estrildidae (Waxbills and Allies),Least Concern,Schedule-IV,,,Moderate,Uncertain,Strong Decline,Large,Diurnal,Diurnal,Plant & Seed,No,Yes,No,Indian Subcontinent,Grassland,Resident,,,Tricoloured Munia,Lonchura malacca
Chestnut Munia,Lonchura atricapilla,chemun,Passeriformes,Estrildidae (Waxbills and Allies),Least Concern,Schedule-IV,,,,,,,Diurnal,Diurnal,Plant & Seed,No,No,No,None,None,Resident,,,Chestnut Munia,Lonchura atricapilla
Green Avadavat,Amandava formosa,grnava1,Passeriformes,Estrildidae (Waxbills and Allies),Vulnerable,Schedule-IV,Appendix II,,High,Data Deficient,Data Deficient,Very Restricted,Diurnal,Diurnal,Plant & Seed,Yes,Yes,No,Central India,Grassland and Scrub,Resident,,,Green Munia,Amandava formosa
Red Avadavat,Amandava amandava,redava,Passeriformes,Estrildidae (Waxbills and Allies),Least Concern,Schedule-IV,,,Low,Uncertain,Uncertain,Large,Diurnal,Diurnal,Plant & Seed,No,No,No,None,Grassland and Scrub,Resident,,,Red Munia,Amandava amandava
Alpine Accentor,Prunella collaris,alpacc1,Passeriformes,Prunellidae (Accentors),Least Concern,Schedule-IV,,,Low,Data Deficient,Uncertain,Moderate,Diurnal,Diurnal,Invertebrate,No,No,No,None,None,Resident & Altitudinal Migrant,,,Alpine Accentor,Prunella collaris
Altai Accentor,Prunella himalayana,himacc1,Passeriformes,Prunellidae (Accentors),Least Concern,Schedule-IV,,,Moderate,Data Deficient,Data Deficient,Restricted,Diurnal,Diurnal,Invertebrate,No,No,No,None,None,Winter Migrant,,,Altai Accentor,Prunella himalayana
Robin Accentor,Prunella rubeculoides,robacc1,Passeriformes,Prunellidae (Accentors),Least Concern,Schedule-IV,,,Low,Data Deficient,Uncertain,Moderate,Diurnal,Diurnal,Omnivore,No,No,No,None,None,Resident & Altitudinal Migrant,,,Robin Accentor,Prunella rubeculoides
Rufous-breasted Accentor,Prunella strophiata,rubacc1,Passeriformes,Prunellidae (Accentors),Least Concern,Schedule-IV,,,Low,Uncertain,Uncertain,Moderate,Diurnal,Diurnal,Invertebrate,No,No,No,None,None,Resident & Altitudinal Migrant,,,Rufous-breasted Accentor,Prunella strophiata
Brown Accentor,Prunella fulvescens,broacc1,Passeriformes,Prunellidae (Accentors),Least Concern,Schedule-IV,,,NA,NA,NA,NA,Diurnal,Diurnal,Invertebrate,No,No,No,None,None,Resident & Altitudinal Migrant,,,Brown Accentor,Prunella fulvescens
Black-throated Accentor,Prunella atrogularis,bltacc1,Passeriformes,Prunellidae (Accentors),Least Concern,Schedule-IV,,,Moderate,Data Deficient,Data Deficient,Moderate,Diurnal,Diurnal,Invertebrate,No,No,No,None,None,Winter Migrant,,,Black-throated Accentor,Prunella atrogularis
Maroon-backed Accentor,Prunella immaculata,mabacc1,Passeriformes,Prunellidae (Accentors),Least Concern,Schedule-IV,,,Moderate,Data Deficient,Data Deficient,Restricted,Diurnal,Diurnal,Omnivore,No,No,No,None,Temperate Forest,Resident & Altitudinal Migrant,,,Maroon-backed Accentor,Prunella immaculata
House Sparrow,Passer domesticus,houspa,Passeriformes,Passeridae (Old World Sparrows),Least Concern,Schedule-IV,,,Low,Stable,Stable,Very Large,Diurnal,Diurnal,Plant & Seed,No,No,No,None,None,Resident & Winter Migrant,,,House Sparrow,Passer domesticus
Spanish Sparrow,Passer hispaniolensis,spaspa1,Passeriformes,Passeridae (Old World Sparrows),Least Concern,Schedule-IV,,,NA,NA,NA,NA,Diurnal,Diurnal,Plant & Seed,No,No,No,None,Grassland and Scrub,Winter Migrant,,1,Spanish Sparrow,Passer hispaniolensis
Sind Sparrow,Passer pyrrhonotus,sinspa1,Passeriformes,Passeridae (Old World Sparrows),Least Concern,Schedule-IV,,,Moderate,Data Deficient,Data Deficient,Moderate,Diurnal,Diurnal,Plant & Seed,No,Yes,No,Indus Plains,Open Habitat,Resident,,,Sind Sparrow,Passer pyrrhonotus
Russet Sparrow,Passer cinnamomeus,russpa2,Passeriformes,Passeridae (Old World Sparrows),Least Concern,Schedule-IV,,,Low,Uncertain,Uncertain,Moderate,Diurnal,Diurnal,Plant & Seed,No,No,No,None,None,Resident & Altitudinal Migrant,,,Russet Sparrow,Passer cinnamomeus
Eurasian Tree Sparrow,Passer montanus,eutspa,Passeriformes,Passeridae (Old World Sparrows),Least Concern,Schedule-IV,,,Low,Uncertain,Uncertain,Moderate,Diurnal,Diurnal,Plant & Seed,No,No,No,None,None,Resident & Altitudinal Migrant,,,Eurasian Tree Sparrow,Passer montanus
Yellow-throated Sparrow,Gymnoris xanthocollis,chspet1,Passeriformes,Passeridae (Old World Sparrows),Least Concern,Schedule-IV,,,Low,Stable,Uncertain,Very Large,Diurnal,Diurnal,Omnivore,No,No,No,None,Wooded Habitat,Resident,,,Yellow-throated Sparrow,Gymnoris xanthocollis
Rock Sparrow,Petronia petronia,rocpet1,Passeriformes,Passeridae (Old World Sparrows),Least Concern,Schedule-IV,,,NA,NA,NA,NA,Diurnal,Diurnal,Omnivore,No,No,No,None,None,Uncertain,,1,Rock Sparrow,Petronia petronia
Pale Rockfinch,Carpospiza brachydactyla,palroc1,Passeriformes,Passeridae (Old World Sparrows),Least Concern,Schedule-IV,,,NA,NA,NA,NA,Diurnal,Diurnal,Plant & Seed,No,No,No,None,None,Uncertain,,1,Pale Rockfinch,Carpospiza brachydactyla
Black-winged Snowfinch,Montifringilla adamsi,blwsno1,Passeriformes,Passeridae (Old World Sparrows),Least Concern,Schedule-IV,,,NA,NA,NA,NA,Diurnal,Diurnal,Plant & Seed,No,No,No,None,None,Resident & Altitudinal Migrant,,,Black-winged Snowfinch,Montifringilla adamsi
White-rumped Snowfinch,Montifringilla taczanowskii,whrsno1,Passeriformes,Passeridae (Old World Sparrows),Least Concern,Schedule-IV,,,NA,NA,NA,NA,Diurnal,Diurnal,Omnivore,No,No,No,None,None,Resident,,1,White-rumped Snowfinch,Onychostruthus taczanowskii
Rufous-necked Snowfinch,Montifringilla ruficollis,runsno1,Passeriformes,Passeridae (Old World Sparrows),Least Concern,Schedule-IV,,,NA,NA,NA,NA,Diurnal,Diurnal,Plant & Seed,No,No,No,None,None,Resident,,1,Rufous-necked Snowfinch,Pyrgilauda ruficollis
Blanford's Snowfinch,Montifringilla blanfordi,blasno1,Passeriformes,Passeridae (Old World Sparrows),Least Concern,Schedule-IV,,,NA,NA,NA,NA,Diurnal,Diurnal,Plant & Seed,No,No,No,None,None,Resident,,1,Blanford's Snowfinch,Pyrgilauda blanfordi
Forest Wagtail,Dendronanthus indicus,forwag1,Passeriformes,Motacillidae (Wagtails and Pipits),Least Concern,Schedule-IV,,Appendix II,High,Strong Decline,Strong Decline,Moderate,Diurnal,Diurnal,Invertebrate,No,No,No,None,Wooded Habitat,Winter Migrant,1,,Forest Wagtail,Dendronanthus indicus
Gray Wagtail,Motacilla cinerea,grywag,Passeriformes,Motacillidae (Wagtails and Pipits),Least Concern,Schedule-IV,,Appendix II,Low,Stable,Uncertain,Very Large,Diurnal,Diurnal,Invertebrate,No,No,No,None,None,Winter Migrant & Localized Summer Migrant,,,Grey Wagtail,Motacilla cinerea
Western Yellow Wagtail,Motacilla flava,eaywag1,Passeriformes,Motacillidae (Wagtails and Pipits),Least Concern,Schedule-IV,,Appendix II,Low,Stable,Uncertain,Very Large,Diurnal,Diurnal,Invertebrate,No,No,No,None,Open Habitat,Winter Migrant,,,Western Yellow Wagtail,Motacilla flava
Eastern Yellow Wagtail,Motacilla tschutschensis,eaywag,Passeriformes,Motacillidae (Wagtails and Pipits),Least Concern,Schedule-IV,,Appendix II,NA,NA,NA,NA,Diurnal,Diurnal,Invertebrate,No,No,No,None,Wetland,Winter Migrant,,,Eastern Yellow Wagtail,Motacilla tschutschensis
Citrine Wagtail,Motacilla citreola,citwag,Passeriformes,Motacillidae (Wagtails and Pipits),Least Concern,Schedule-IV,,Appendix II,Low,Uncertain,Uncertain,Large,Diurnal,Diurnal,Invertebrate,No,No,No,None,None,Winter Migrant & Localized Summer Migrant,,,Citrine Wagtail,Motacilla citreola
White-browed Wagtail,Motacilla maderaspatensis,whbwag1,Passeriformes,Motacillidae (Wagtails and Pipits),Least Concern,Schedule-IV,,Appendix II,Moderate,Moderate Decline,Strong Decline,Very Large,Diurnal,Diurnal,Invertebrate,No,No,No,None,None,Resident,,,White-browed Wagtail,Motacilla maderaspatensis
White Wagtail,Motacilla alba,whiwag,Passeriformes,Motacillidae (Wagtails and Pipits),Least Concern,Schedule-IV,,Appendix II,Moderate,Moderate Decline,Uncertain,Very Large,Diurnal,Diurnal,Invertebrate,No,No,No,None,Wetland,Winter Migrant,,,White Wagtail,Motacilla alba
Richard's Pipit,Anthus richardi,ricpip1,Passeriformes,Motacillidae (Wagtails and Pipits),Least Concern,Schedule-IV,,Appendix II,Moderate,Strong Decline,Uncertain,Moderate,Diurnal,Diurnal,Invertebrate,No,No,No,None,Grassland,Winter Migrant,,,Richard's Pipit,Anthus richardi
Paddyfield Pipit,Anthus rufulus,oripip1,Passeriformes,Motacillidae (Wagtails and Pipits),Least Concern,Schedule-IV,,Appendix II,Low,Stable,Uncertain,Very Large,Diurnal,Diurnal,Invertebrate,No,No,No,None,Grassland,Resident,,,Paddyfield Pipit,Anthus rufulus
Long-billed Pipit,Anthus similis,lobpip1,Passeriformes,Motacillidae (Wagtails and Pipits),Least Concern,Schedule-IV,,Appendix II,Low,Data Deficient,Uncertain,Moderate,Diurnal,Diurnal,Invertebrate,No,No,No,None,Grassland and Scrub,Resident & Local Migrant,,,Long-billed Pipit,Anthus similis
Blyth's Pipit,Anthus godlewskii,blypip1,Passeriformes,Motacillidae (Wagtails and Pipits),Least Concern,Schedule-IV,,Appendix II,Low,Data Deficient,Uncertain,Moderate,Diurnal,Diurnal,Invertebrate,No,No,No,None,Grassland,Winter Migrant,,,Blyth's Pipit,Anthus godlewskii
Tawny Pipit,Anthus campestris,tawpip1,Passeriformes,Motacillidae (Wagtails and Pipits),Least Concern,Schedule-IV,,Appendix II,Moderate,Moderate Decline,Uncertain,Large,Diurnal,Diurnal,Invertebrate,No,No,No,None,Grassland,Winter Migrant,,,Tawny Pipit,Anthus campestris
Nilgiri Pipit,Anthus nilghiriensis,nilpip1,Passeriformes,Motacillidae (Wagtails and Pipits),Vulnerable,Schedule-IV,,Appendix II,High,Uncertain,Strong Decline,Restricted,Diurnal,Diurnal,Invertebrate,Yes,Yes,No,Western Ghats,Grassland,Resident,,,Nilgiri Pipit,Anthus nilghiriensis
Upland Pipit,Anthus sylvanus,uplpip1,Passeriformes,Motacillidae (Wagtails and Pipits),Least Concern,Schedule-IV,,Appendix II,Moderate,Data Deficient,Data Deficient,Moderate,Diurnal,Diurnal,Invertebrate,No,No,No,None,None,Resident & Altitudinal Migrant,1,,Upland Pipit,Anthus sylvanus
Meadow Pipit,Anthus pratensis,meapip1,Passeriformes,Motacillidae (Wagtails and Pipits),Least Concern,Schedule-IV,,Appendix II,NA,NA,NA,NA,Diurnal,Diurnal,Invertebrate,No,No,No,None,Open Habitat,Local Migrant,,,Meadow Pipit,Anthus pratensis
Rosy Pipit,Anthus roseatus,rospip1,Passeriformes,Motacillidae (Wagtails and Pipits),Least Concern,Schedule-IV,,Appendix II,Low,Uncertain,Uncertain,Moderate,Diurnal,Diurnal,Invertebrate,No,No,No,None,Open Habitat,Local Migrant,,,Rosy Pipit,Anthus roseatus
Tree Pipit,Anthus trivialis,trepip,Passeriformes,Motacillidae (Wagtails and Pipits),Least Concern,Schedule-IV,,Appendix II,Low,Uncertain,Uncertain,Large,Diurnal,Diurnal,Invertebrate,No,No,No,None,None,Winter Migrant,,,Tree Pipit,Anthus trivialis
Olive-backed Pipit,Anthus hodgsoni,olbpip,Passeriformes,Motacillidae (Wagtails and Pipits),Least Concern,Schedule-IV,,Appendix II,Moderate,Moderate Decline,Uncertain,Large,Diurnal,Diurnal,Invertebrate,No,No,No,None,None,Local Migrant,,,Olive-backed Pipit,Anthus hodgsoni
Red-throated Pipit,Anthus cervinus,retpip,Passeriformes,Motacillidae (Wagtails and Pipits),Least Concern,Schedule-IV,,Appendix II,NA,NA,NA,NA,Diurnal,Diurnal,Invertebrate,No,No,No,None,Grassland,Winter and Passage Migrant,,,Red-throated Pipit,Anthus cervinus
Water Pipit,Anthus spinoletta,watpip1,Passeriformes,Motacillidae (Wagtails and Pipits),Least Concern,Schedule-IV,,Appendix II,NA,NA,NA,NA,Diurnal,Diurnal,Invertebrate,No,No,No,None,Open Habitat,Winter Migrant,,1,Water Pipit,Anthus spinoletta
American Pipit,Anthus rubescens,amepip,Passeriformes,Motacillidae (Wagtails and Pipits),Least Concern,Schedule-IV,,Appendix II,NA,NA,NA,NA,Diurnal,Diurnal,Invertebrate,No,No,No,None,Open Habitat,Winter Migrant,,1,Buff-bellied Pipit,Anthus rubescens
Common Chaffinch,Fringilla coelebs,comcha,Passeriformes,"Fringillidae (Finches, Euphonias, and Allies)",Least Concern,Schedule-IV,,,NA,NA,NA,NA,Diurnal,Diurnal,Invertebrate,No,No,No,None,Wooded Habitat,Winter Migrant,,1,Common Chaffinch,Fringilla coelebs
Brambling,Fringilla montifringilla,brambl,Passeriformes,"Fringillidae (Finches, Euphonias, and Allies)",Least Concern,Schedule-IV,,,NA,NA,NA,NA,Diurnal,Diurnal,Omnivore,No,No,No,None,Wooded Habitat,Winter Migrant,,1,Brambling,Fringilla montifringilla
Black-and-yellow Grosbeak,Mycerobas icterioides,baygro1,Passeriformes,"Fringillidae (Finches, Euphonias, and Allies)",Least Concern,Schedule-IV,,,Moderate,Data Deficient,Data Deficient,Moderate,Diurnal,Diurnal,Plant & Seed,No,No,Yes,Western Himalayas,Temperate Forest,Resident & Altitudinal Migrant,,,Black-and-yellow Grosbeak,Mycerobas icterioides
Collared Grosbeak,Mycerobas affinis,colgro1,Passeriformes,"Fringillidae (Finches, Euphonias, and Allies)",Least Concern,Schedule-IV,,,Moderate,Data Deficient,Data Deficient,Restricted,Diurnal,Diurnal,Plant & Seed,No,No,No,None,Temperate Forest,Resident & Altitudinal Migrant,,,Collared Grosbeak,Mycerobas affinis
Spot-winged Grosbeak,Mycerobas melanozanthos,spwgro1,Passeriformes,"Fringillidae (Finches, Euphonias, and Allies)",Least Concern,Schedule-IV,,,Moderate,Data Deficient,Data Deficient,Moderate,Diurnal,Diurnal,Plant & Seed,No,No,No,None,Temperate Forest,Resident & Altitudinal Migrant,,,Spot-winged Grosbeak,Mycerobas melanozanthos
White-winged Grosbeak,Mycerobas carnipes,whwgro1,Passeriformes,"Fringillidae (Finches, Euphonias, and Allies)",Least Concern,Schedule-IV,,,NA,NA,NA,NA,Diurnal,Diurnal,Fruit & Nect,No,No,No,None,Temperate Forest,Resident & Altitudinal Migrant,,,White-winged Grosbeak,Mycerobas carnipes
Hawfinch,Coccothraustes coccothraustes,hawfin,Passeriformes,"Fringillidae (Finches, Euphonias, and Allies)",Least Concern,Schedule-IV,,,NA,NA,NA,NA,Diurnal,Diurnal,Plant & Seed,No,No,No,None,Wooded Habitat,Uncertain,,1,Hawfinch,Coccothraustes coccothraustes
Common Rosefinch,Carpodacus erythrinus,comros,Passeriformes,"Fringillidae (Finches, Euphonias, and Allies)",Least Concern,Schedule-IV,,,Low,Uncertain,Uncertain,Large,Diurnal,Diurnal,Plant & Seed,No,No,No,None,None,Winter Migrant & Localized Summer Migrant,,,Common Rosefinch,Carpodacus erythrinus
Scarlet Finch,Carpodacus sipahi,scafin1,Passeriformes,"Fringillidae (Finches, Euphonias, and Allies)",Least Concern,Schedule-IV,,,Low,Data Deficient,Uncertain,Moderate,Diurnal,Diurnal,Plant & Seed,No,No,No,None,Forest,Resident & Altitudinal Migrant,,,Scarlet Finch,Carpodacus sipahi
Blyth's Rosefinch,Carpodacus grandis,blyros1,Passeriformes,"Fringillidae (Finches, Euphonias, and Allies)",Least Concern,Schedule-IV,,,Moderate,Data Deficient,Data Deficient,Restricted,Diurnal,Diurnal,Plant & Seed,No,No,Yes,Himalayas,None,Resident & Altitudinal Migrant,,,Blyth's Rosefinch,Carpodacus grandis
Himalayan Beautiful Rosefinch,Carpodacus pulcherrimus,bearos1,Passeriformes,"Fringillidae (Finches, Euphonias, and Allies)",Least Concern,Schedule-IV,,,NA,NA,NA,NA,Diurnal,Diurnal,Plant & Seed,No,No,No,None,None,Resident & Altitudinal Migrant,,,Himalayan Beautiful Rosefinch,Carpodacus pulcherrimus
Pink-rumped Rosefinch,Carpodacus waltoni,pirros1,Passeriformes,"Fringillidae (Finches, Euphonias, and Allies)",Least Concern,Schedule-IV,,,NA,NA,NA,NA,Diurnal,Diurnal,Plant & Seed,No,No,No,None,None,Uncertain,,1,Pink-rumped Rosefinch,Carpodacus waltoni
Dark-rumped Rosefinch,Carpodacus edwardsii,darros1,Passeriformes,"Fringillidae (Finches, Euphonias, and Allies)",Least Concern,Schedule-IV,,,NA,NA,NA,NA,Diurnal,Diurnal,Plant & Seed,No,No,No,None,Temperate Forest,Resident & Altitudinal Migrant,,,Dark-rumped Rosefinch,Carpodacus edwardsii
Pink-browed Rosefinch,Carpodacus rodochroa,pibros2,Passeriformes,"Fringillidae (Finches, Euphonias, and Allies)",Least Concern,Schedule-IV,,,Low,Data Deficient,Uncertain,Moderate,Diurnal,Diurnal,Omnivore,No,No,Yes,Himalayas,None,Resident & Altitudinal Migrant,,,Pink-browed Rosefinch,Carpodacus rodochroa
Spot-winged Rosefinch,Carpodacus rodopeplus,spwros2,Passeriformes,"Fringillidae (Finches, Euphonias, and Allies)",Least Concern,Schedule-IV,,,Moderate,Data Deficient,Data Deficient,Restricted,Diurnal,Diurnal,Plant & Seed,No,No,Yes,Himalayas,None,Resident & Altitudinal Migrant,,,Spot-winged Rosefinch,Carpodacus rodopeplus
Vinaceous Rosefinch,Carpodacus vinaceus,vinros2,Passeriformes,"Fringillidae (Finches, Euphonias, and Allies)",Least Concern,Schedule-IV,,,NA,NA,NA,NA,Diurnal,Diurnal,Plant & Seed,No,No,No,None,None,Uncertain,,1,Vinaceous Rosefinch,Carpodacus vinaceus
Pale Rosefinch,Carpodacus stoliczkae,palros3,Passeriformes,"Fringillidae (Finches, Euphonias, and Allies)",Least Concern,Schedule-IV,,,NA,NA,NA,NA,Diurnal,Diurnal,Plant & Seed,No,No,No,None,None,Resident,,1,Pale Rosefinch,Carpodacus stoliczkae
Sillem's Rosefinch,Carpodacus sillemi,tahmof1,Passeriformes,"Fringillidae (Finches, Euphonias, and Allies)",Data Deficient,Schedule-IV,,,NA,NA,NA,NA,Diurnal,Diurnal,Plant & Seed,No,No,No,None,None,Uncertain,,1,Sillem's Rosefinch,Carpodacus sillemi
Streaked Rosefinch,Carpodacus rubicilloides,strros1,Passeriformes,"Fringillidae (Finches, Euphonias, and Allies)",Least Concern,Schedule-IV,,,NA,NA,NA,NA,Diurnal,Diurnal,Plant & Seed,No,No,No,None,None,Resident & Altitudinal Migrant,,1,Streaked Rosefinch,Carpodacus rubicilloides
Great Rosefinch,Carpodacus rubicilla,greros1,Passeriformes,"Fringillidae (Finches, Euphonias, and Allies)",Least Concern,Schedule-IV,,,NA,NA,NA,NA,Diurnal,Diurnal,Plant & Seed,No,No,No,None,None,Resident & Altitudinal Migrant,,,Great Rosefinch,Carpodacus rubicilla
Red-fronted Rosefinch,Carpodacus puniceus,refros1,Passeriformes,"Fringillidae (Finches, Euphonias, and Allies)",Least Concern,Schedule-IV,,,NA,NA,NA,NA,Diurnal,Diurnal,Plant & Seed,No,No,No,None,None,Resident & Altitudinal Migrant,,,Red-fronted Rosefinch,Carpodacus puniceus
Crimson-browed Finch,Carpodacus subhimachalus,crbfin3,Passeriformes,"Fringillidae (Finches, Euphonias, and Allies)",Least Concern,Schedule-IV,,,Moderate,Data Deficient,Data Deficient,Restricted,Diurnal,Diurnal,Plant & Seed,No,No,No,None,None,Resident & Altitudinal Migrant,,,Crimson-browed Finch,Carpodacus subhimachalus
Three-banded Rosefinch,Carpodacus trifasciatus,thbros1,Passeriformes,"Fringillidae (Finches, Euphonias, and Allies)",Least Concern,Schedule-IV,,,NA,NA,NA,NA,Diurnal,Diurnal,Plant & Seed,No,No,No,None,Temperate Forest,Uncertain,,1,Three-banded Rosefinch,Carpodacus trifasciatus
Himalayan White-browed Rosefinch,Carpodacus thura,whbros1,Passeriformes,"Fringillidae (Finches, Euphonias, and Allies)",Least Concern,Schedule-IV,,,Moderate,Data Deficient,Data Deficient,Moderate,Diurnal,Diurnal,Plant & Seed,No,No,Yes,Himalayas,Temperate Forest,Resident & Altitudinal Migrant,,,Himalayan White-browed Rosefinch,Carpodacus thura
Chinese White-browed Rosefinch,Carpodacus dubius,cwbros1,Passeriformes,"Fringillidae (Finches, Euphonias, and Allies)",Least Concern,Schedule-IV,,,NA,NA,NA,NA,Diurnal,Diurnal,Plant & Seed,No,No,No,None,None,Resident & Altitudinal Migrant,,1,Chinese White-browed Rosefinch,Carpodacus dubius
Brown Bullfinch,Pyrrhula nipalensis,brobul1,Passeriformes,"Fringillidae (Finches, Euphonias, and Allies)",Least Concern,Schedule-IV,,,Moderate,Data Deficient,Data Deficient,Moderate,Diurnal,Diurnal,Plant & Seed,No,No,No,None,Temperate Forest,Resident & Altitudinal Migrant,,,Brown Bullfinch,Pyrrhula nipalensis
Orange Bullfinch,Pyrrhula aurantiaca,orabul1,Passeriformes,"Fringillidae (Finches, Euphonias, and Allies)",Least Concern,Schedule-IV,,,Moderate,Data Deficient,Data Deficient,Restricted,Diurnal,Diurnal,Plant & Seed,No,Yes,Yes,Western Himalayas,Temperate Forest,Resident,,,Orange Bullfinch,Pyrrhula aurantiaca
Red-headed Bullfinch,Pyrrhula erythrocephala,rehbul1,Passeriformes,"Fringillidae (Finches, Euphonias, and Allies)",Least Concern,Schedule-IV,,,Moderate,Data Deficient,Data Deficient,Moderate,Diurnal,Diurnal,Plant & Seed,No,No,Yes,Himalayas,Temperate Forest,Resident & Altitudinal Migrant,,,Red-headed Bullfinch,Pyrrhula erythrocephala
Gray-headed Bullfinch,Pyrrhula erythaca,gyhbul2,Passeriformes,"Fringillidae (Finches, Euphonias, and Allies)",Least Concern,Schedule-IV,,,NA,NA,NA,NA,Diurnal,Diurnal,Plant & Seed,No,No,No,None,Temperate Forest,Resident & Altitudinal Migrant,,,Grey-headed Bullfinch,Pyrrhula erythaca
Crimson-winged Finch,Rhodopechys sanguineus,crwfin2,Passeriformes,"Fringillidae (Finches, Euphonias, and Allies)",Least Concern,Schedule-IV,,,NA,NA,NA,NA,Diurnal,Diurnal,Plant & Seed,No,No,No,None,Grassland,Uncertain,,1,Crimson-winged Finch,Rhodopechys sanguineus
Trumpeter Finch,Bucanetes githagineus,trufin2,Passeriformes,"Fringillidae (Finches, Euphonias, and Allies)",Least Concern,Schedule-IV,,,NA,NA,NA,NA,Diurnal,Diurnal,Plant & Seed,No,No,No,None,Grassland,Winter Migrant,,1,Trumpeter Finch,Bucanetes githagineus
Mongolian Finch,Bucanetes mongolicus,monfin2,Passeriformes,"Fringillidae (Finches, Euphonias, and Allies)",Least Concern,Schedule-IV,,,NA,NA,NA,NA,Diurnal,Diurnal,Plant & Seed,No,No,No,None,None,Resident & Altitudinal Migrant,,,Mongolian Finch,Bucanetes mongolicus
Blanford's Rosefinch,Agraphospiza rubescens,blaros1,Passeriformes,"Fringillidae (Finches, Euphonias, and Allies)",Least Concern,Schedule-IV,,,NA,NA,NA,NA,Diurnal,Diurnal,Plant & Seed,No,No,No,None,Temperate Forest,Resident & Altitudinal Migrant,,,Blanford's Rosefinch,Agraphospiza rubescens
Gold-naped Finch,Pyrrhoplectes epauletta,gonfin1,Passeriformes,"Fringillidae (Finches, Euphonias, and Allies)",Least Concern,Schedule-IV,,,Moderate,Data Deficient,Uncertain,Restricted,Diurnal,Diurnal,Plant & Seed,No,No,Yes,Himalayas,None,Resident & Altitudinal Migrant,,,Gold-naped Finch,Pyrrhoplectes epauletta
Spectacled Finch,Callacanthis burtoni,spefin1,Passeriformes,"Fringillidae (Finches, Euphonias, and Allies)",Least Concern,Schedule-IV,,,Moderate,Data Deficient,Data Deficient,Moderate,Diurnal,Diurnal,Plant & Seed,No,No,Yes,Western Himalayas,Temperate Forest,Resident & Altitudinal Migrant,,,Spectacled Finch,Callacanthis burtoni
Dark-breasted Rosefinch,Procarduelis nipalensis,dabros1,Passeriformes,"Fringillidae (Finches, Euphonias, and Allies)",Least Concern,Schedule-IV,,,Low,Data Deficient,Uncertain,Moderate,Diurnal,Diurnal,Omnivore,No,No,No,None,None,Resident & Altitudinal Migrant,,,Dark-breasted Rosefinch,Procarduelis nipalensis
Plain Mountain Finch,Leucosticte nemoricola,plmfin1,Passeriformes,"Fringillidae (Finches, Euphonias, and Allies)",Least Concern,Schedule-IV,,,Low,Uncertain,Uncertain,Moderate,Diurnal,Diurnal,Plant & Seed,No,No,No,None,None,Resident & Altitudinal Migrant,,,Plain Mountain Finch,Leucosticte nemoricola
Black-headed Mountain Finch,Leucosticte brandti,bhmfin1,Passeriformes,"Fringillidae (Finches, Euphonias, and Allies)",Least Concern,Schedule-IV,,,NA,NA,NA,NA,Diurnal,Diurnal,Plant & Seed,No,No,No,None,None,Resident & Altitudinal Migrant,,,Brandt's Mountain Finch,Leucosticte brandti
Desert Finch,Rhodospiza obsoleta,desfin2,Passeriformes,"Fringillidae (Finches, Euphonias, and Allies)",Least Concern,Schedule-IV,,,NA,NA,NA,NA,Diurnal,Diurnal,Plant & Seed,No,No,No,None,None,Uncertain,,1,Desert Finch,Rhodospiza obsoleta
Yellow-breasted Greenfinch,Chloris spinoides,yebgre4,Passeriformes,"Fringillidae (Finches, Euphonias, and Allies)",Least Concern,Schedule-IV,,,Moderate,Moderate Decline,Uncertain,Moderate,Diurnal,Diurnal,Plant & Seed,No,No,Yes,Himalayas,None,Resident & Altitudinal Migrant,,,Yellow-breasted Greenfinch,Chloris spinoides
Black-headed Greenfinch,Chloris ambigua,bkhgre1,Passeriformes,"Fringillidae (Finches, Euphonias, and Allies)",Least Concern,Schedule-IV,,,NA,NA,NA,NA,Diurnal,Diurnal,Plant & Seed,No,No,No,None,None,Resident & Altitudinal Migrant,,1,Black-headed Greenfinch,Chloris ambigua
Twite,Linaria flavirostris,twite1,Passeriformes,"Fringillidae (Finches, Euphonias, and Allies)",Least Concern,Schedule-IV,,,NA,NA,NA,NA,Diurnal,Diurnal,Plant & Seed,No,No,No,None,None,Resident & Altitudinal Migrant,,,Twite,Linaria flavirostris
Eurasian Linnet,Linaria cannabina,eurlin1,Passeriformes,"Fringillidae (Finches, Euphonias, and Allies)",Least Concern,Schedule-IV,,,NA,NA,NA,NA,Diurnal,Diurnal,Plant & Seed,No,No,No,None,None,Uncertain,,1,Common Linnet,Linaria cannabina
Red Crossbill,Loxia curvirostra,redcro,Passeriformes,"Fringillidae (Finches, Euphonias, and Allies)",Least Concern,Schedule-IV,,,NA,NA,NA,NA,Diurnal,Diurnal,Plant & Seed,No,No,No,None,Temperate Forest,Resident & Altitudinal Migrant,,,Red Crossbill,Loxia curvirostra
European Goldfinch,Carduelis carduelis,eurgol,Passeriformes,"Fringillidae (Finches, Euphonias, and Allies)",Least Concern,Schedule-IV,,,Low,Data Deficient,Uncertain,Moderate,Diurnal,Diurnal,Plant & Seed,No,No,No,None,None,Resident & Altitudinal Migrant,,,European Goldfinch,Carduelis carduelis
Fire-fronted Serin,Serinus pusillus,fifser1,Passeriformes,"Fringillidae (Finches, Euphonias, and Allies)",Least Concern,Schedule-IV,,,Low,Data Deficient,Uncertain,Moderate,Diurnal,Diurnal,Plant & Seed,No,No,No,None,None,Resident & Altitudinal Migrant,,,Fire-fronted Serin,Serinus pusillus
Tibetan Serin,Spinus thibetanus,tibser1,Passeriformes,"Fringillidae (Finches, Euphonias, and Allies)",Least Concern,Schedule-IV,,,NA,NA,NA,NA,Diurnal,Diurnal,Plant & Seed,No,No,No,None,Temperate Forest,Winter Migrant,,,Tibetan Siskin,Spinus thibetanus
Eurasian Siskin,Spinus spinus,eursis,Passeriformes,"Fringillidae (Finches, Euphonias, and Allies)",Least Concern,Schedule-IV,,,NA,NA,NA,NA,Diurnal,Diurnal,Plant & Seed,No,No,No,None,Wooded Habitat,Uncertain,,1,Eurasian Siskin,Spinus spinus
Crested Bunting,Emberiza lathami,crebun1,Passeriformes,Emberizidae (Old World Buntings),Least Concern,Schedule-IV,,,Moderate,Moderate Decline,Strong Decline,Moderate,Diurnal,Diurnal,Plant & Seed,No,No,No,None,None,Local Migrant,,,Crested Bunting,Emberiza lathami
Black-headed Bunting,Emberiza melanocephala,blhbun1,Passeriformes,Emberizidae (Old World Buntings),Least Concern,Schedule-IV,,,Low,Data Deficient,Uncertain,Moderate,Diurnal,Diurnal,Plant & Seed,No,No,No,None,Grassland,Winter Migrant,,,Black-headed Bunting,Emberiza melanocephala
Red-headed Bunting,Emberiza bruniceps,rehbun1,Passeriformes,Emberizidae (Old World Buntings),Least Concern,Schedule-IV,,,Low,Data Deficient,Uncertain,Moderate,Diurnal,Diurnal,Plant & Seed,No,No,No,None,Grassland,Winter Migrant,,,Red-headed Bunting,Emberiza bruniceps
Chestnut-eared Bunting,Emberiza fucata,chebun2,Passeriformes,Emberizidae (Old World Buntings),Least Concern,Schedule-IV,,,NA,NA,NA,NA,Diurnal,Diurnal,Plant & Seed,No,No,No,None,Grassland and Scrub,Resident & Local Migrant,1,,Chestnut-eared Bunting,Emberiza fucata
Rock Bunting,Emberiza cia,rocbun1,Passeriformes,Emberizidae (Old World Buntings),Least Concern,Schedule-IV,,,Low,Uncertain,Uncertain,Moderate,Diurnal,Diurnal,Plant & Seed,No,No,No,None,None,Resident & Altitudinal Migrant,,,Rock Bunting,Emberiza cia
Godlewski's Bunting,Emberiza godlewskii,godbun1,Passeriformes,Emberizidae (Old World Buntings),Least Concern,Schedule-IV,,,NA,NA,NA,NA,Diurnal,Diurnal,Plant & Seed,No,No,No,None,None,Resident & Altitudinal Migrant,,1,Godlewski's Bunting,Emberiza godlewskii
White-capped Bunting,Emberiza stewarti,chbbun1,Passeriformes,Emberizidae (Old World Buntings),Least Concern,Schedule-IV,,,Moderate,Data Deficient,Uncertain,Restricted,Diurnal,Diurnal,Plant & Seed,No,No,No,None,None,Local Migrant,,,White-capped Bunting,Emberiza stewarti
Yellowhammer,Emberiza citrinella,yellow2,Passeriformes,Emberizidae (Old World Buntings),Least Concern,Schedule-IV,,,NA,NA,NA,NA,Diurnal,Diurnal,Plant & Seed,No,No,No,None,Grassland,Winter Migrant,,1,Yellowhammer,Emberiza citrinella
Pine Bunting,Emberiza leucocephalos,pinbun,Passeriformes,Emberizidae (Old World Buntings),Least Concern,Schedule-IV,,,NA,NA,NA,NA,Diurnal,Diurnal,Plant & Seed,No,No,No,None,None,Winter Migrant,,,Pine Bunting,Emberiza leucocephalos
Gray-necked Bunting,Emberiza buchanani,gyhbun1,Passeriformes,Emberizidae (Old World Buntings),Least Concern,Schedule-IV,,,Low,Data Deficient,Uncertain,Moderate,Diurnal,Diurnal,Plant & Seed,No,No,No,None,Scrub,Winter Migrant,,,Grey-necked Bunting,Emberiza buchanani
Ortolan Bunting,Emberiza hortulana,ortbun1,Passeriformes,Emberizidae (Old World Buntings),Least Concern,Schedule-IV,,,NA,NA,NA,NA,Diurnal,Diurnal,Invertebrate,No,No,No,None,None,Uncertain,,1,Ortolan Bunting,Emberiza hortulana
Striolated Bunting,Emberiza striolata,houbun2,Passeriformes,Emberizidae (Old World Buntings),Least Concern,Schedule-IV,,,NA,NA,NA,NA,Diurnal,Diurnal,Plant & Seed,No,No,No,None,Scrub,Resident & Winter Migrant,,,Striolated Bunting,Emberiza striolata
Reed Bunting,Emberiza schoeniclus,reebun,Passeriformes,Emberizidae (Old World Buntings),Least Concern,Schedule-IV,,,NA,NA,NA,NA,Diurnal,Diurnal,Plant & Seed,No,No,No,None,None,Uncertain,,1,Eurasian Reed Bunting,Emberiza schoeniclus
Yellow-breasted Bunting,Emberiza aureola,yebbun,Passeriformes,Emberizidae (Old World Buntings),Critically Endangered,Schedule-IV,,Appendix I,High,Data Deficient,Data Deficient,Data Deficient,Diurnal,Diurnal,Plant & Seed,No,No,No,None,Grassland and Scrub,Winter Migrant,1,,Yellow-breasted Bunting,Emberiza aureola
Little Bunting,Emberiza pusilla,litbun,Passeriformes,Emberizidae (Old World Buntings),Least Concern,Schedule-IV,,,NA,NA,NA,NA,Diurnal,Diurnal,Plant & Seed,No,No,No,None,Grassland and Scrub,Winter Migrant,,,Little Bunting,Emberiza pusilla
Rustic Bunting,Emberiza rustica,rusbun,Passeriformes,Emberizidae (Old World Buntings),Vulnerable,Schedule-IV,,,NA,NA,NA,NA,Diurnal,Diurnal,Plant & Seed,No,No,No,None,None,Uncertain,,1,Rustic Bunting,Emberiza rustica
Black-faced Bunting,Emberiza spodocephala,blfbun1,Passeriformes,Emberizidae (Old World Buntings),Least Concern,Schedule-IV,,,NA,NA,NA,NA,Diurnal,Diurnal,Invertebrate,No,No,No,None,Wetland,Winter Migrant,,,Black-faced Bunting,Emberiza spodocephala
Chestnut Bunting,Emberiza rutila,chebun1,Passeriformes,Emberizidae (Old World Buntings),Least Concern,Schedule-IV,,,NA,NA,NA,NA,Diurnal,Diurnal,Invertebrate,No,No,No,None,Grassland and Scrub,Winter Migrant,,1,Chestnut Bunting,Emberiza rutila
Yellow-browed Bunting,Emberiza chrysophrys,yebbun1,Passeriformes,Emberizidae (Old World Buntings),Least Concern,Schedule-IV,,,NA,NA,NA,NA,Diurnal,Diurnal,Plant & Seed,No,No,No,None,Wetland,Uncertain,,1,Yellow-browed Bunting,Emberiza chrysophrys
Tristram's Bunting,Emberiza tristrami,tribun1,Passeriformes,Emberizidae (Old World Buntings),Least Concern,Schedule-IV,,,NA,NA,NA,NA,Diurnal,Diurnal,Plant & Seed,No,No,No,None,None,Uncertain,,1,Tristram's Bunting,Emberiza tristrami
